   1.0    8.0    1.0   0.23  -0.02  -0.27   1.08  -1.01   0.02 56.2 73.3770 41.7392 56.2 84 4.07 43 1
   2.0    8.0    2.0  -0.09  -0.13  -0.38   0.56  -0.53   0.01 55.6 73.3770 41.7392 55.6 72 3.94 43 2
   3.0    8.0    3.0  -1.74  -1.57  -4.20   3.87  -3.61   0.14 54.8 73.3770 41.7392 54.8 63 3.88 43 3
   4.0    8.0    4.0  -2.07  -1.70  -4.48   2.99  -2.77   0.15 54.1 73.3770 41.7392 54.1 56 3.84 43 4
   5.0    8.0    5.0  -0.56  -0.29  -0.57   0.49  -0.46   0.02 57.5 73.3770 41.7392 57.5 52 3.99 43 5
   6.0    8.0    6.0  -0.64  -0.33  -0.61   0.40  -0.37   0.02 58.0 73.3770 41.7392 58.0 43 3.97 43 6
   7.0    8.0    7.0  -0.71  -0.36  -0.63   0.34  -0.33   0.02 57.8 73.3770 41.7392 57.8 36 3.97 43 7
   8.0    8.0    8.0  -0.77  -0.39  -0.65   0.31  -0.30   0.03 57.3 73.3770 41.7392 57.3 31 3.97 43 8
   9.0    8.0    9.0  -0.82  -0.42  -0.66   0.30  -0.27   0.03 56.6 73.3770 41.7392 56.6 28 3.97 43 9
  10.0    8.0   10.0  -0.87  -0.43  -0.66   0.28  -0.26   0.03 55.8 73.3770 41.7392 55.8 26 3.97 43 10
  11.0    8.0   11.0  -0.90  -0.45  -0.66   0.28  -0.24   0.03 55.0 73.3770 41.7392 55.0 24 3.98 43 11
  12.0    8.0   12.0  -0.94  -0.46  -0.66   0.28  -0.23   0.03 54.1 73.3770 41.7392 54.1 23 3.98 43 12
  13.0    8.0   13.0  -0.96  -0.46  -0.65   0.28  -0.22   0.03 53.2 73.3770 41.7392 53.2 22 3.98 43 13
  14.0    8.0   14.0  -0.98  -0.46  -0.64   0.28  -0.22   0.03 52.3 73.3770 41.7392 52.3 21 3.99 43 14
  15.0    8.0   15.0  -1.00  -0.46  -0.63   0.29  -0.21   0.03 51.3 73.3770 41.7392 51.3 21 3.99 43 15
  16.0    8.0   16.0  -1.01  -0.45  -0.62   0.29  -0.20   0.03 50.3 73.3770 41.7392 50.3 20 3.99 43 16
  17.0    8.0   17.0  -1.02  -0.44  -0.60   0.30  -0.20   0.03 49.3 73.3770 41.7392 49.3 20 3.99 43 17
  18.0    8.0   18.0  -1.03  -0.43  -0.58   0.31  -0.19   0.03 48.2 73.3770 41.7392 48.2 20 3.99 43 18
  19.0    8.0   19.0  -1.03  -0.41  -0.56   0.31  -0.19   0.02 47.1 73.3770 41.7392 47.1 21 3.99 43 19
  20.0    8.0   20.0  -1.04  -0.39  -0.54   0.32  -0.18   0.02 45.9 73.3770 41.7392 45.9 21 3.99 43 20
  21.0    8.0   21.0  -1.04  -0.38  -0.52   0.33  -0.18   0.02 44.7 73.3770 41.7392 44.7 21 3.99 43 21
  22.0    8.0   22.0  -1.04  -0.36  -0.51   0.34  -0.17   0.02 43.5 73.3770 41.7392 43.5 22 3.99 43 22
  23.0    8.0   23.0  -1.04  -0.34  -0.49   0.34  -0.16   0.02 42.2 73.3770 41.7392 42.2 22 3.99 43 23
  24.0    8.0   24.0  -1.05  -0.32  -0.48   0.35  -0.16   0.02 41.0 73.3770 41.7392 41.0 23 3.99 43 24
  25.0    8.0   25.0  -1.05  -0.31  -0.47   0.35  -0.15   0.02 39.7 73.3770 41.7392 39.7 23 3.99 43 25
   1.0    7.0    1.0  -1.56  -0.51  -0.80   0.73  -0.56   0.06 67.4 73.3770 41.7392 67.4 28 4.16 42 1
   2.0    7.0    2.0  -1.03  -0.33  -0.62   0.38  -0.29   0.06 66.8 73.3770 41.7392 66.8 27 4.02 42 2
   3.0    7.0    3.0  -0.82  -0.25  -0.56   0.26  -0.20   0.06 66.1 73.3770 41.7392 66.1 31 3.94 42 3
   4.0    7.0    4.0  -7.04  -2.08  -5.33   1.96  -1.52   0.68 65.5 73.3770 41.7392 65.5 36 3.89 42 4
   5.0    7.0    5.0  -1.44  -0.44  -0.76   0.36  -0.21   0.07 66.1 73.3770 41.7392 66.1 24 4.07 42 5
   6.0    7.0    6.0  -1.37  -0.41  -0.74   0.32  -0.15   0.08 65.5 73.3770 41.7392 65.5 26 4.05 42 6
   7.0    7.0    7.0  -1.35  -0.40  -0.71   0.29  -0.11   0.08 64.7 73.3770 41.7392 64.7 26 4.04 42 7
   8.0    7.0    8.0  -1.33  -0.39  -0.69   0.28  -0.09   0.08 63.8 73.3770 41.7392 63.8 26 4.04 42 8
   9.0    7.0    9.0  -1.32  -0.38  -0.67   0.26  -0.07   0.08 62.8 73.3770 41.7392 62.8 26 4.03 42 9
  10.0    7.0   10.0  -1.31  -0.36  -0.64   0.26  -0.06   0.09 61.8 73.3770 41.7392 61.8 26 4.03 42 10
  11.0    7.0   11.0  -1.30  -0.35  -0.61   0.25  -0.05   0.09 60.8 73.3770 41.7392 60.8 26 4.03 42 11
  12.0    7.0   12.0  -1.29  -0.33  -0.58   0.25  -0.04   0.09 59.8 73.3770 41.7392 59.8 26 4.03 42 12
  13.0    7.0   13.0  -1.28  -0.31  -0.55   0.25  -0.04   0.09 58.8 73.3770 41.7392 58.8 25 4.02 42 13
  14.0    7.0   14.0  -1.27  -0.28  -0.52   0.25  -0.03   0.09 57.8 73.3770 41.7392 57.8 26 4.02 42 14
  15.0    7.0   15.0  -1.25  -0.25  -0.48   0.25  -0.02   0.10 56.7 73.3770 41.7392 56.7 26 4.02 42 15
  16.0    7.0   16.0  -1.24  -0.21  -0.44   0.26  -0.02   0.10 55.7 73.3770 41.7392 55.7 26 4.01 42 16
  17.0    7.0   17.0  -1.22  -0.17  -0.39   0.26  -0.01   0.10 54.7 73.3770 41.7392 54.7 26 4.01 42 17
  18.0    7.0   18.0  -1.20  -0.13  -0.35   0.26  -0.00   0.10 53.6 73.3770 41.7392 53.6 27 4.00 42 18
  19.0    7.0   19.0  -1.17  -0.08  -0.30   0.26   0.00   0.10 52.6 73.3770 41.7392 52.6 28 4.00 42 19
  20.0    7.0   20.0  -1.15  -0.04  -0.25   0.26   0.01   0.11 51.6 73.3770 41.7392 51.6 29 3.99 42 20
  21.0    7.0   21.0  -1.13   0.01  -0.21   0.26   0.01   0.11 50.5 73.3770 41.7392 50.5 30 3.99 42 21
  22.0    7.0   22.0  -1.11   0.06  -0.16   0.26   0.02   0.11 49.5 73.3770 41.7392 49.5 31 3.98 42 22
  23.0    7.0   23.0  -1.09   0.11  -0.12   0.26   0.03   0.11 48.4 73.3770 41.7392 48.4 32 3.98 42 23
  24.0    7.0   24.0  -1.08   0.15  -0.08   0.26   0.03   0.12 47.4 73.3770 41.7392 47.4 33 3.97 42 24
  25.0    7.0   25.0  -1.08   0.20  -0.04   0.25   0.04   0.12 46.3 73.3770 41.7392 46.3 34 3.97 42 25
   1.0    6.0    1.0  -2.54  -0.78  -1.04   0.12   0.09   0.10 71.6 73.3770 41.7392 71.6 13 4.21 41 1
   2.0    6.0    2.0  -1.52  -0.44  -0.71   0.06   0.05   0.10 71.3 73.3770 41.7392 71.3 22 4.06 41 2
   3.0    6.0    3.0  -1.15  -0.30  -0.58   0.03   0.04   0.11 70.8 73.3770 41.7392 70.8 31 3.98 41 3
   4.0    6.0    4.0  -9.56  -2.24  -5.20   0.24   0.28   1.12 70.1 73.3770 41.7392 70.1 39 3.92 41 4
   5.0    6.0    5.0  -1.87  -0.50  -0.80   0.11   0.11   0.12 69.9 73.3770 41.7392 69.9 21 4.12 41 5
   6.0    6.0    6.0  -1.73  -0.44  -0.73   0.14   0.14   0.12 69.5 73.3770 41.7392 69.5 23 4.10 41 6
   7.0    6.0    7.0  -1.64  -0.39  -0.68   0.15   0.15   0.12 69.0 73.3770 41.7392 69.0 24 4.09 41 7
   8.0    6.0    8.0  -1.57  -0.35  -0.64   0.16   0.16   0.13 68.4 73.3770 41.7392 68.4 25 4.07 41 8
   9.0    6.0    9.0  -1.52  -0.32  -0.59   0.16   0.16   0.13 67.7 73.3770 41.7392 67.7 26 4.07 41 9
  10.0    6.0   10.0  -1.48  -0.28  -0.55   0.16   0.17   0.13 66.9 73.3770 41.7392 66.9 27 4.06 41 10
  11.0    6.0   11.0  -1.44  -0.25  -0.51   0.16   0.17   0.14 66.1 73.3770 41.7392 66.1 27 4.05 41 11
  12.0    6.0   12.0  -1.40  -0.21  -0.46   0.16   0.17   0.14 65.3 73.3770 41.7392 65.3 28 4.04 41 12
  13.0    6.0   13.0  -1.37  -0.16  -0.41   0.16   0.18   0.15 64.4 73.3770 41.7392 64.4 29 4.04 41 13
  14.0    6.0   14.0  -1.33  -0.12  -0.36   0.16   0.18   0.15 63.5 73.3770 41.7392 63.5 30 4.03 41 14
  15.0    6.0   15.0  -1.29  -0.07  -0.31   0.16   0.19   0.15 62.7 73.3770 41.7392 62.7 31 4.02 41 15
  16.0    6.0   16.0  -1.26  -0.01  -0.25   0.15   0.19   0.16 61.8 73.3770 41.7392 61.8 32 4.01 41 16
  17.0    6.0   17.0  -1.22   0.05  -0.19   0.15   0.20   0.16 60.9 73.3770 41.7392 60.9 34 4.01 41 17
  18.0    6.0   18.0  -1.18   0.11  -0.13   0.15   0.21   0.17 60.0 73.3770 41.7392 60.0 35 4.00 41 18
  19.0    6.0   19.0  -1.14   0.17  -0.07   0.14   0.21   0.17 59.1 73.3770 41.7392 59.1 37 3.99 41 19
  20.0    6.0   20.0  -1.10   0.23  -0.01   0.14   0.22   0.18 58.3 73.3770 41.7392 58.3 39 3.98 41 20
  21.0    6.0   21.0  -1.06   0.30   0.06   0.13   0.22   0.18 57.4 73.3770 41.7392 57.4 41 3.97 41 21
  22.0    6.0   22.0  -1.03   0.37   0.12   0.12   0.22   0.19 56.6 73.3770 41.7392 56.6 43 3.96 41 22
  23.0    6.0   23.0  -1.00   0.43   0.18   0.11   0.23   0.19 55.7 73.3770 41.7392 55.7 45 3.95 41 23
  24.0    6.0   24.0  -0.98   0.50   0.24   0.10   0.23   0.20 54.9 73.3770 41.7392 54.9 47 3.94 41 24
  25.0    6.0   25.0  -0.96   0.56   0.29   0.09   0.23   0.21 54.0 73.3770 41.7392 54.0 49 3.94 41 25
   1.0    5.0    1.0  -2.32  -0.73  -0.90  -0.58   0.75   0.12 67.3 73.3770 41.7392 67.3 9 4.24 40 1
   2.0    5.0    2.0  -1.39  -0.41  -0.58  -0.31   0.39   0.12 67.1 73.3770 41.7392 67.1 6 4.08 40 2
   3.0    5.0    3.0  -1.05  -0.28  -0.47  -0.22   0.27   0.13 66.8 73.3770 41.7392 66.8 13 3.99 40 3
   4.0    5.0    4.0  -8.62  -2.15  -4.05  -1.71   2.10   1.35 66.3 73.3770 41.7392 66.3 20 3.94 40 4
   5.0    5.0    5.0  -1.69  -0.46  -0.65  -0.19   0.42   0.14 68.3 73.3770 41.7392 68.3 8 4.12 40 5
   6.0    5.0    6.0  -1.56  -0.39  -0.59  -0.10   0.40   0.14 69.2 73.3770 41.7392 69.2 12 4.09 40 6
   7.0    5.0    7.0  -1.47  -0.34  -0.54  -0.05   0.39   0.14 69.8 73.3770 41.7392 69.8 15 4.08 40 7
   8.0    5.0    8.0  -1.40  -0.30  -0.49  -0.02   0.38   0.15 70.0 73.3770 41.7392 70.0 18 4.06 40 8
   9.0    5.0    9.0  -1.35  -0.25  -0.45  -0.00   0.37   0.15 70.0 73.3770 41.7392 70.0 20 4.05 40 9
  10.0    5.0   10.0  -1.30  -0.21  -0.41   0.01   0.37   0.16 69.7 73.3770 41.7392 69.7 21 4.04 40 10
  11.0    5.0   11.0  -1.25  -0.17  -0.36   0.01   0.36   0.16 69.4 73.3770 41.7392 69.4 23 4.03 40 11
  12.0    5.0   12.0  -1.21  -0.12  -0.32   0.01   0.36   0.17 68.9 73.3770 41.7392 68.9 24 4.02 40 12
  13.0    5.0   13.0  -1.17  -0.08  -0.27   0.01   0.36   0.17 68.4 73.3770 41.7392 68.4 26 4.01 40 13
  14.0    5.0   14.0  -1.13  -0.03  -0.22   0.01   0.37   0.18 67.7 73.3770 41.7392 67.7 27 4.00 40 14
  15.0    5.0   15.0  -1.09   0.03  -0.17   0.01   0.37   0.18 67.1 73.3770 41.7392 67.1 29 4.00 40 15
  16.0    5.0   16.0  -1.05   0.09  -0.11   0.00   0.37   0.19 66.3 73.3770 41.7392 66.3 30 3.99 40 16
  17.0    5.0   17.0  -1.01   0.15  -0.06  -0.00   0.38   0.19 65.6 73.3770 41.7392 65.6 32 3.98 40 17
  18.0    5.0   18.0  -0.97   0.21   0.00  -0.01   0.38   0.20 64.8 73.3770 41.7392 64.8 34 3.97 40 18
  19.0    5.0   19.0  -0.93   0.27   0.06  -0.02   0.39   0.20 64.0 73.3770 41.7392 64.0 36 3.96 40 19
  20.0    5.0   20.0  -0.89   0.34   0.13  -0.03   0.39   0.21 63.1 73.3770 41.7392 63.1 38 3.94 40 20
  21.0    5.0   21.0  -8.48   4.08   1.90  -0.46   3.92   2.18 62.3 73.3770 41.7392 62.3 40 3.93 40 21
  22.0    5.0   22.0  -8.12   4.77   2.54  -0.61   3.94   2.26 61.4 73.3770 41.7392 61.4 42 3.92 40 22
  23.0    5.0   23.0  -7.79   5.44   3.17  -0.76   3.96   2.35 60.5 73.3770 41.7392 60.5 42 3.93 40 23
  24.0    5.0   24.0  -0.75   0.61   0.38  -0.09   0.40   0.25 59.6 73.3770 41.7392 59.6 41 3.95 40 24
  25.0    5.0   25.0  -0.73   0.67   0.44  -0.11   0.40   0.26 58.7 73.3770 41.7392 58.7 39 3.97 40 25
   1.0    4.0    1.0  -1.02  -0.39  -0.41  -1.18   1.23   0.11 59.7 73.3770 41.7392 59.7 50 4.20 39 1
   2.0    4.0    2.0  -0.68  -0.26  -0.29  -0.62   0.64   0.11 59.5 73.3770 41.7392 59.5 37 4.04 39 2
   3.0    4.0    3.0  -0.54  -0.21  -0.24  -0.43   0.44   0.12 59.1 73.3770 41.7392 59.1 27 3.95 39 3
   4.0    4.0    4.0  -4.53  -1.79  -2.09  -3.35   3.41   1.29 58.6 73.3770 41.7392 58.6 18 3.90 39 4
   5.0    4.0    5.0  -0.95  -0.32  -0.35  -0.47   0.63   0.13 64.2 73.3770 41.7392 64.2 21 4.06 39 5
   6.0    4.0    6.0  -0.92  -0.29  -0.33  -0.32   0.57   0.13 66.7 73.3770 41.7392 66.7 17 4.03 39 6
   7.0    4.0    7.0  -0.88  -0.25  -0.30  -0.25   0.53   0.13 68.2 73.3770 41.7392 68.2 15 4.01 39 7
   8.0    4.0    8.0  -0.85  -0.22  -0.28  -0.20   0.51   0.14 69.1 73.3770 41.7392 69.1 15 3.99 39 8
   9.0    4.0    9.0  -0.83  -0.19  -0.25  -0.17   0.49   0.14 69.6 73.3770 41.7392 69.6 16 3.98 39 9
  10.0    4.0   10.0  -0.80  -0.16  -0.23  -0.16   0.48   0.15 69.8 73.3770 41.7392 69.8 17 3.97 39 10
  11.0    4.0   11.0  -0.78  -0.13  -0.20  -0.15   0.48   0.15 69.8 73.3770 41.7392 69.8 17 3.96 39 11
  12.0    4.0   12.0  -0.76  -0.09  -0.18  -0.14   0.47   0.15 69.6 73.3770 41.7392 69.6 18 3.95 39 12
  13.0    4.0   13.0  -0.73  -0.06  -0.15  -0.14   0.47   0.16 69.3 73.3770 41.7392 69.3 18 3.95 39 13
  14.0    4.0   14.0  -0.71  -0.02  -0.11  -0.14   0.47   0.16 68.9 73.3770 41.7392 68.9 19 3.94 39 14
  15.0    4.0   15.0  -6.83   0.24  -0.78  -1.50   4.73   1.70 68.3 73.3770 41.7392 68.3 19 3.93 39 15
  16.0    4.0   16.0  -6.55   0.68  -0.40  -1.57   4.75   1.76 67.6 73.3770 41.7392 67.6 19 3.93 39 16
  17.0    4.0   17.0  -6.26   1.15  -0.00  -1.66   4.78   1.81 66.9 73.3770 41.7392 66.9 19 3.92 39 17
  18.0    4.0   18.0  -5.97   1.63   0.41  -1.78   4.81   1.88 66.0 73.3770 41.7392 66.0 20 3.91 39 18
  19.0    4.0   19.0  -5.67   2.13   0.86  -1.91   4.84   1.94 65.1 73.3770 41.7392 65.1 20 3.90 39 19
  20.0    4.0   20.0  -5.37   2.64   1.31  -2.06   4.86   2.02 64.2 73.3770 41.7392 64.2 20 3.89 39 20
  21.0    4.0   21.0  -5.09   3.16   1.77  -2.22   4.88   2.09 63.1 73.3770 41.7392 63.1 20 3.89 39 21
  22.0    4.0   22.0  -4.81   3.68   2.25  -2.39   4.89   2.18 62.0 73.3770 41.7392 62.0 19 3.90 39 22
  23.0    4.0   23.0  -4.56   4.20   2.74  -2.57   4.89   2.27 60.8 73.3770 41.7392 60.8 18 3.92 39 23
  24.0    4.0   24.0  -0.43   0.47   0.32  -0.27   0.49   0.24 59.6 73.3770 41.7392 59.6 18 3.94 39 24
  25.0    4.0   25.0  -0.42   0.52   0.37  -0.29   0.49   0.25 58.4 73.3770 41.7392 58.4 18 3.96 39 25
   1.0    3.0    1.0   0.88   0.14   0.28  -1.50   1.38   0.08 56.8 73.3770 41.7392 56.8 72 4.21 38 1
   2.0    3.0    2.0   0.37  -0.03   0.11  -0.78   0.72   0.08 56.2 73.3770 41.7392 56.2 84 4.00 38 2
   3.0    3.0    3.0   2.12  -0.85   0.60  -5.41   4.99   0.85 55.5 73.3770 41.7392 55.5 88 3.88 38 3
   4.0    3.0    4.0   1.45  -1.17   0.35  -4.20   3.85   0.91 55.0 73.3770 41.7392 55.0 85 3.80 38 4
   5.0    3.0    5.0   1.41  -1.13   0.36  -6.37   6.83   0.87 62.8 73.3770 41.7392 62.8 93 3.93 38 5
   6.0    3.0    6.0   0.39  -1.33   0.08  -4.84   6.01   0.88 65.7 73.3770 41.7392 65.7 88 3.88 38 6
   7.0    3.0    7.0  -0.17  -1.39  -0.08  -3.97   5.51   0.90 67.3 73.3770 41.7392 67.3 81 3.86 38 7
   8.0    3.0    8.0  -0.55  -1.38  -0.19  -3.45   5.20   0.92 68.2 73.3770 41.7392 68.2 76 3.85 38 8
   9.0    3.0    9.0  -0.80  -1.33  -0.26  -3.13   4.99   0.96 68.6 73.3770 41.7392 68.6 71 3.84 38 9
  10.0    3.0   10.0  -0.98  -1.25  -0.31  -2.94   4.86   0.99 68.8 73.3770 41.7392 68.8 68 3.83 38 10
  11.0    3.0   11.0  -1.10  -1.14  -0.32  -2.82   4.77   1.02 68.8 73.3770 41.7392 68.8 64 3.83 38 11
  12.0    3.0   12.0  -1.18  -1.02  -0.32  -2.77   4.72   1.06 68.6 73.3770 41.7392 68.6 61 3.83 38 12
  13.0    3.0   13.0  -1.23  -0.88  -0.29  -2.75   4.69   1.10 68.3 73.3770 41.7392 68.3 59 3.83 38 13
  14.0    3.0   14.0  -1.24  -0.72  -0.24  -2.78   4.69   1.14 67.8 73.3770 41.7392 67.8 57 3.82 38 14
  15.0    3.0   15.0  -1.24  -0.55  -0.17  -2.83   4.69   1.18 67.2 73.3770 41.7392 67.2 55 3.82 38 15
  16.0    3.0   16.0  -1.21  -0.37  -0.08  -2.91   4.71   1.23 66.5 73.3770 41.7392 66.5 53 3.83 38 16
  17.0    3.0   17.0  -1.16  -0.18   0.03  -3.01   4.74   1.28 65.7 73.3770 41.7392 65.7 51 3.83 38 17
  18.0    3.0   18.0  -1.09   0.02   0.15  -3.13   4.76   1.33 64.8 73.3770 41.7392 64.8 50 3.83 38 18
  19.0    3.0   19.0  -1.02   0.23   0.28  -3.27   4.79   1.39 63.8 73.3770 41.7392 63.8 48 3.83 38 19
  20.0    3.0   20.0  -0.94   0.44   0.43  -3.42   4.81   1.45 62.7 73.3770 41.7392 62.7 47 3.83 38 20
  21.0    3.0   21.0  -0.85   0.66   0.60  -3.59   4.83   1.51 61.4 73.3770 41.7392 61.4 44 3.84 38 21
  22.0    3.0   22.0  -0.76   0.88   0.78  -3.76   4.84   1.58 60.1 73.3770 41.7392 60.1 41 3.85 38 22
  23.0    3.0   23.0  -0.66   1.09   0.97  -3.93   4.85   1.66 58.7 73.3770 41.7392 58.7 38 3.87 38 23
  24.0    3.0   24.0  -0.57   1.31   1.18  -4.10   4.84   1.75 57.2 73.3770 41.7392 57.2 35 3.88 38 24
  25.0    3.0   25.0  -0.48   1.52   1.41  -4.26   4.83   1.84 55.6 73.3770 41.7392 55.6 32 3.89 38 25
   1.0    2.0    1.0   2.56   0.62   0.89  -1.43   1.16   0.03 61.7 73.3770 41.7392 61.7 34 4.32 37 1
   2.0    2.0    2.0   1.31   0.20   0.48  -0.74   0.61   0.03 61.0 73.3770 41.7392 61.0 38 4.12 37 2
   3.0    2.0    3.0   0.90   0.05   0.34  -0.51   0.42   0.03 60.2 73.3770 41.7392 60.2 43 4.01 37 3
   4.0    2.0    4.0   7.02  -0.34   2.71  -3.97   3.26   0.33 59.4 73.3770 41.7392 59.4 48 3.93 37 4
   5.0    2.0    5.0   1.19   0.11   0.42  -0.65   0.56   0.03 66.0 73.3770 41.7392 66.0 38 4.09 37 5
   6.0    2.0    6.0   0.98   0.04   0.34  -0.52   0.48   0.03 68.1 73.3770 41.7392 68.1 39 4.03 37 6
   7.0    2.0    7.0   0.84  -0.00   0.29  -0.45   0.43   0.03 68.9 73.3770 41.7392 68.9 40 3.99 37 7
   8.0    2.0    8.0   0.75  -0.03   0.24  -0.41   0.40   0.03 69.1 73.3770 41.7392 69.1 41 3.96 37 8
   9.0    2.0    9.0   6.78  -0.53   2.05  -3.78   3.83   0.28 69.1 73.3770 41.7392 69.1 43 3.93 37 9
  10.0    2.0   10.0   6.23  -0.71   1.73  -3.61   3.71   0.29 68.8 73.3770 41.7392 68.8 44 3.91 37 10
  11.0    2.0   11.0   5.78  -0.86   1.43  -3.51   3.64   0.31 68.5 73.3770 41.7392 68.5 45 3.90 37 11
  12.0    2.0   12.0   5.40  -0.99   1.15  -3.46   3.60   0.32 68.0 73.3770 41.7392 68.0 47 3.88 37 12
  13.0    2.0   13.0   5.08  -1.12   0.89  -3.45   3.58   0.34 67.5 73.3770 41.7392 67.5 49 3.87 37 13
  14.0    2.0   14.0   4.79  -1.25   0.65  -3.48   3.58   0.36 66.9 73.3770 41.7392 66.9 51 3.86 37 14
  15.0    2.0   15.0   4.54  -1.37   0.42  -3.53   3.60   0.38 66.2 73.3770 41.7392 66.2 53 3.86 37 15
  16.0    2.0   16.0   4.32  -1.50   0.19  -3.60   3.62   0.40 65.5 73.3770 41.7392 65.5 56 3.85 37 16
  17.0    2.0   17.0   4.11  -1.63  -0.03  -3.70   3.65   0.43 64.6 73.3770 41.7392 64.6 58 3.85 37 17
  18.0    2.0   18.0   3.92  -1.76  -0.24  -3.80   3.68   0.46 63.7 73.3770 41.7392 63.7 61 3.84 37 18
  19.0    2.0   19.0   3.75  -1.90  -0.44  -3.93   3.71   0.49 62.7 73.3770 41.7392 62.7 64 3.84 37 19
  20.0    2.0   20.0   3.60  -2.04  -0.64  -4.06   3.75   0.53 61.5 73.3770 41.7392 61.5 67 3.83 37 20
  21.0    2.0   21.0   3.46  -2.18  -0.82  -4.20   3.78   0.57 60.3 73.3770 41.7392 60.3 70 3.83 37 21
  22.0    2.0   22.0   3.35  -2.32  -0.99  -4.33   3.81   0.61 59.0 73.3770 41.7392 59.0 73 3.83 37 22
  23.0    2.0   23.0   3.26  -2.46  -1.14  -4.47   3.83   0.66 57.6 73.3770 41.7392 57.6 73 3.84 37 23
  24.0    2.0   24.0   3.20  -2.60  -1.26  -4.60   3.85   0.71 56.2 73.3770 41.7392 56.2 74 3.85 37 24
  25.0    2.0   25.0   3.17  -2.74  -1.35  -4.72   3.85   0.77 54.6 73.3770 41.7392 54.6 74 3.86 37 25
   1.0    1.0    1.0   3.36   0.89   1.23  -0.99   0.65  -0.03 70.1 73.3770 41.7392 70.1 17 4.33 36 1
   2.0    1.0    2.0   1.81   0.36   0.72  -0.51   0.35  -0.03 69.5 73.3770 41.7392 69.5 22 4.15 36 2
   3.0    1.0    3.0   1.29   0.17   0.54  -0.35   0.24  -0.03 68.8 73.3770 41.7392 68.8 28 4.05 36 3
   4.0    1.0    4.0   1.04   0.06   0.45  -0.27   0.19  -0.03 68.2 73.3770 41.7392 68.2 36 3.98 36 4
   5.0    1.0    5.0   1.87   0.31   0.70  -0.49   0.30  -0.04 71.3 73.3770 41.7392 71.3 23 4.15 36 5
   6.0    1.0    6.0   1.63   0.21   0.61  -0.43   0.24  -0.04 72.0 73.3770 41.7392 72.0 26 4.11 36 6
   7.0    1.0    7.0   1.47   0.15   0.54  -0.39   0.21  -0.05 71.9 73.3770 41.7392 71.9 28 4.08 36 7
   8.0    1.0    8.0   1.35   0.10   0.48  -0.37   0.19  -0.05 71.4 73.3770 41.7392 71.4 29 4.05 36 8
   9.0    1.0    9.0   1.27   0.06   0.42  -0.35   0.18  -0.05 70.8 73.3770 41.7392 70.8 30 4.03 36 9
  10.0    1.0   10.0   1.19   0.02   0.37  -0.34   0.17  -0.05 70.2 73.3770 41.7392 70.2 31 4.02 36 10
  11.0    1.0   11.0   1.13  -0.02   0.32  -0.33   0.17  -0.05 69.5 73.3770 41.7392 69.5 31 4.00 36 11
  12.0    1.0   12.0   1.08  -0.05   0.28  -0.33   0.17  -0.05 68.7 73.3770 41.7392 68.7 32 3.99 36 12
  13.0    1.0   13.0   1.03  -0.09   0.23  -0.33   0.17  -0.05 68.0 73.3770 41.7392 68.0 32 3.98 36 13
  14.0    1.0   14.0   0.99  -0.12   0.18  -0.34   0.17  -0.05 67.2 73.3770 41.7392 67.2 33 3.97 36 14
  15.0    1.0   15.0   0.95  -0.16   0.13  -0.34   0.17  -0.05 66.4 73.3770 41.7392 66.4 33 3.96 36 15
  16.0    1.0   16.0   0.91  -0.20   0.09  -0.35   0.18  -0.05 65.6 73.3770 41.7392 65.6 34 3.95 36 16
  17.0    1.0   17.0   0.87  -0.24   0.04  -0.35   0.18  -0.05 64.8 73.3770 41.7392 64.8 34 3.94 36 17
  18.0    1.0   18.0   8.32  -2.88  -0.13  -3.63   1.85  -0.55 63.9 73.3770 41.7392 63.9 35 3.93 36 18
  19.0    1.0   19.0   7.96  -3.33  -0.62  -3.71   1.90  -0.55 63.0 73.3770 41.7392 63.0 36 3.92 36 19
  20.0    1.0   20.0   7.62  -3.79  -1.12  -3.81   1.95  -0.55 62.0 73.3770 41.7392 62.0 37 3.91 36 20
  21.0    1.0   21.0   7.31  -4.26  -1.61  -3.90   2.00  -0.54 61.0 73.3770 41.7392 61.0 39 3.90 36 21
  22.0    1.0   22.0   7.02  -4.74  -2.09  -3.99   2.05  -0.54 59.9 73.3770 41.7392 59.9 40 3.90 36 22
  23.0    1.0   23.0   6.78  -5.21  -2.55  -4.08   2.10  -0.53 58.8 73.3770 41.7392 58.8 38 3.91 36 23
  24.0    1.0   24.0   6.58  -5.68  -2.98  -4.15   2.15  -0.52 57.5 73.3770 41.7392 57.5 37 3.93 36 24
  25.0    1.0   25.0   0.65  -0.61  -0.34  -0.42   0.22  -0.05 56.3 73.3770 41.7392 56.3 35 3.94 36 25
   1.0   -0.0    1.0   2.91   0.84   1.16  -0.30  -0.00  -0.08 74.5 73.3770 41.7392 74.5 14 4.25 35 1
   2.0   -0.0    2.0   1.66   0.41   0.76  -0.15   0.01  -0.08 74.1 73.3770 41.7392 74.1 24 4.09 35 2
   3.0   -0.0    3.0   1.24   0.25   0.62  -0.10   0.01  -0.09 73.7 73.3770 41.7392 73.7 33 4.00 35 3
   4.0   -0.0    4.0   1.03   0.16   0.55  -0.08   0.01  -0.09 73.3 73.3770 41.7392 73.3 42 3.95 35 4
   5.0   -0.0    5.0   1.97   0.43   0.83  -0.22  -0.02  -0.10 73.4 73.3770 41.7392 73.4 24 4.14 35 5
   6.0   -0.0    6.0   1.80   0.35   0.76  -0.23  -0.04  -0.10 73.2 73.3770 41.7392 73.2 27 4.11 35 6
   7.0   -0.0    7.0   1.68   0.29   0.69  -0.24  -0.05  -0.11 72.7 73.3770 41.7392 72.7 29 4.09 35 7
   8.0   -0.0    8.0   1.60   0.24   0.64  -0.24  -0.05  -0.11 72.1 73.3770 41.7392 72.1 31 4.08 35 8
   9.0   -0.0    9.0   1.53   0.20   0.59  -0.24  -0.05  -0.11 71.4 73.3770 41.7392 71.4 32 4.07 35 9
  10.0   -0.0   10.0   1.47   0.15   0.54  -0.24  -0.05  -0.12 70.6 73.3770 41.7392 70.6 33 4.06 35 10
  11.0   -0.0   11.0   1.43   0.11   0.49  -0.24  -0.05  -0.12 69.7 73.3770 41.7392 69.7 34 4.05 35 11
  12.0   -0.0   12.0   1.38   0.07   0.44  -0.24  -0.05  -0.12 68.9 73.3770 41.7392 68.9 34 4.04 35 12
  13.0   -0.0   13.0   1.34   0.02   0.38  -0.25  -0.05  -0.13 68.1 73.3770 41.7392 68.1 35 4.03 35 13
  14.0   -0.0   14.0   1.30  -0.03   0.33  -0.25  -0.04  -0.13 67.2 73.3770 41.7392 67.2 36 4.02 35 14
  15.0   -0.0   15.0   1.25  -0.08   0.27  -0.25  -0.04  -0.13 66.4 73.3770 41.7392 66.4 38 4.01 35 15
  16.0   -0.0   16.0   1.21  -0.14   0.21  -0.26  -0.04  -0.14 65.5 73.3770 41.7392 65.5 39 4.00 35 16
  17.0   -0.0   17.0   1.17  -0.20   0.15  -0.26  -0.03  -0.14 64.7 73.3770 41.7392 64.7 40 3.99 35 17
  18.0   -0.0   18.0   1.13  -0.26   0.08  -0.27  -0.03  -0.14 63.8 73.3770 41.7392 63.8 42 3.98 35 18
  19.0   -0.0   19.0   1.09  -0.33   0.02  -0.27  -0.02  -0.15 63.0 73.3770 41.7392 63.0 43 3.97 35 19
  20.0   -0.0   20.0   1.04  -0.39  -0.05  -0.28  -0.02  -0.15 62.1 73.3770 41.7392 62.1 45 3.96 35 20
  21.0   -0.0   21.0   1.01  -0.46  -0.12  -0.28  -0.01  -0.15 61.2 73.3770 41.7392 61.2 47 3.95 35 21
  22.0   -0.0   22.0   0.97  -0.53  -0.18  -0.28  -0.00  -0.16 60.3 73.3770 41.7392 60.3 49 3.94 35 22
  23.0   -0.0   23.0   9.38  -6.00  -2.50  -2.88   0.06  -1.59 59.4 73.3770 41.7392 59.4 51 3.93 35 23
  24.0   -0.0   24.0   0.91  -0.67  -0.31  -0.29   0.01  -0.16 58.4 73.3770 41.7392 58.4 51 3.94 35 24
  25.0   -0.0   25.0   0.89  -0.74  -0.37  -0.29   0.02  -0.17 57.4 73.3770 41.7392 57.4 48 3.96 35 25
   1.0   -1.0    1.0   1.34   0.48   0.73   0.44  -0.60  -0.11 71.2 73.3770 41.7392 71.2 14 4.12 34 1
   2.0   -1.0    2.0   0.91   0.33   0.60   0.24  -0.30  -0.12 70.9 73.3770 41.7392 70.9 14 3.98 34 2
   3.0   -1.0    3.0   7.65   2.71   5.54   1.64  -2.05  -1.24 70.6 73.3770 41.7392 70.6 23 3.92 34 3
   4.0   -1.0    4.0   6.88   2.30   5.34   1.27  -1.57  -1.32 70.4 73.3770 41.7392 70.4 32 3.89 34 4
   5.0   -1.0    5.0   1.47   0.46   0.78   0.10  -0.30  -0.13 70.1 73.3770 41.7392 70.1 18 4.07 34 5
   6.0   -1.0    6.0   1.45   0.43   0.76   0.02  -0.28  -0.14 70.0 73.3770 41.7392 70.0 22 4.07 34 6
   7.0   -1.0    7.0   1.44   0.40   0.74  -0.03  -0.27  -0.14 69.7 73.3770 41.7392 69.7 25 4.06 34 7
   8.0   -1.0    8.0   1.43   0.37   0.71  -0.06  -0.26  -0.15 69.3 73.3770 41.7392 69.3 27 4.06 34 8
   9.0   -1.0    9.0   1.42   0.34   0.69  -0.07  -0.25  -0.15 68.8 73.3770 41.7392 68.8 29 4.05 34 9
  10.0   -1.0   10.0   1.41   0.31   0.66  -0.08  -0.25  -0.16 68.2 73.3770 41.7392 68.2 30 4.05 34 10
  11.0   -1.0   11.0   1.40   0.28   0.62  -0.09  -0.24  -0.17 67.4 73.3770 41.7392 67.4 31 4.05 34 11
  12.0   -1.0   12.0   1.39   0.24   0.58  -0.10  -0.24  -0.17 66.7 73.3770 41.7392 66.7 32 4.05 34 12
  13.0   -1.0   13.0   1.37   0.20   0.54  -0.11  -0.23  -0.18 65.9 73.3770 41.7392 65.9 34 4.04 34 13
  14.0   -1.0   14.0   1.35   0.15   0.49  -0.11  -0.23  -0.18 65.0 73.3770 41.7392 65.0 35 4.04 34 14
  15.0   -1.0   15.0   1.33   0.10   0.44  -0.11  -0.23  -0.19 64.1 73.3770 41.7392 64.1 37 4.03 34 15
  16.0   -1.0   16.0   1.30   0.04   0.38  -0.12  -0.22  -0.19 63.2 73.3770 41.7392 63.2 38 4.02 34 16
  17.0   -1.0   17.0   1.27  -0.02   0.32  -0.12  -0.22  -0.20 62.3 73.3770 41.7392 62.3 40 4.02 34 17
  18.0   -1.0   18.0   1.24  -0.08   0.26  -0.12  -0.22  -0.20 61.4 73.3770 41.7392 61.4 42 4.01 34 18
  19.0   -1.0   19.0   1.20  -0.15   0.20  -0.12  -0.21  -0.21 60.4 73.3770 41.7392 60.4 44 4.00 34 19
  20.0   -1.0   20.0   1.17  -0.22   0.13  -0.12  -0.20  -0.21 59.5 73.3770 41.7392 59.5 46 3.99 34 20
  21.0   -1.0   21.0   1.14  -0.29   0.06  -0.12  -0.20  -0.22 58.6 73.3770 41.7392 58.6 49 3.98 34 21
  22.0   -1.0   22.0   1.10  -0.37  -0.01  -0.12  -0.19  -0.23 57.6 73.3770 41.7392 57.6 51 3.97 34 22
  23.0   -1.0   23.0   1.08  -0.44  -0.08  -0.12  -0.18  -0.23 56.7 73.3770 41.7392 56.7 54 3.97 34 23
  24.0   -1.0   24.0   1.05  -0.51  -0.14  -0.11  -0.17  -0.24 55.7 73.3770 41.7392 55.7 57 3.96 34 24
  25.0   -1.0   25.0   1.03  -0.59  -0.21  -0.11  -0.16  -0.25 54.7 73.3770 41.7392 54.7 60 3.95 34 25
   1.0   -2.0    1.0  -0.86  -0.06   0.06   1.04  -1.00  -0.12 62.2 73.3770 41.7392 62.2 67 4.12 33 1
   2.0   -2.0    2.0  -2.13   1.62   2.88   5.46  -5.12  -1.24 61.8 73.3770 41.7392 61.8 86 3.90 33 2
   3.0   -2.0    3.0   0.16   2.37   3.77   3.77  -3.49  -1.31 61.4 73.3770 41.7392 61.4 65 3.87 33 3
   4.0   -2.0    4.0   1.21   2.71   4.25   2.92  -2.69  -1.40 60.9 73.3770 41.7392 60.9 47 3.85 33 4
   5.0   -2.0    5.0   0.54   0.40   0.57   0.39  -0.49  -0.14 62.7 73.3770 41.7392 62.7 30 3.99 33 5
   6.0   -2.0    6.0   0.72   0.44   0.62   0.25  -0.44  -0.15 63.1 73.3770 41.7392 63.1 13 3.99 33 6
   7.0   -2.0    7.0   0.84   0.46   0.66   0.18  -0.41  -0.15 63.3 73.3770 41.7392 63.3 5 4.00 33 7
   8.0   -2.0    8.0   0.93   0.47   0.68   0.13  -0.39  -0.16 63.3 73.3770 41.7392 63.3 7 4.00 33 8
   9.0   -2.0    9.0   1.00   0.47   0.69   0.10  -0.38  -0.16 63.0 73.3770 41.7392 63.0 11 4.01 33 9
  10.0   -2.0   10.0   1.05   0.47   0.69   0.08  -0.37  -0.17 62.6 73.3770 41.7392 62.6 15 4.02 33 10
  11.0   -2.0   11.0   1.09   0.46   0.69   0.07  -0.36  -0.17 62.0 73.3770 41.7392 62.0 17 4.02 33 11
  12.0   -2.0   12.0   1.12   0.44   0.67   0.06  -0.36  -0.18 61.4 73.3770 41.7392 61.4 19 4.02 33 12
  13.0   -2.0   13.0   1.15   0.41   0.66   0.05  -0.35  -0.19 60.6 73.3770 41.7392 60.6 21 4.02 33 13
  14.0   -2.0   14.0   1.16   0.38   0.63   0.05  -0.35  -0.19 59.8 73.3770 41.7392 59.8 23 4.02 33 14
  15.0   -2.0   15.0   1.17   0.35   0.60   0.05  -0.35  -0.20 58.9 73.3770 41.7392 58.9 25 4.02 33 15
  16.0   -2.0   16.0   1.17   0.31   0.57   0.05  -0.35  -0.20 58.0 73.3770 41.7392 58.0 26 4.02 33 16
  17.0   -2.0   17.0   1.16   0.26   0.53   0.05  -0.34  -0.21 57.0 73.3770 41.7392 57.0 28 4.02 33 17
  18.0   -2.0   18.0   1.15   0.21   0.48   0.05  -0.34  -0.22 55.9 73.3770 41.7392 55.9 30 4.02 33 18
  19.0   -2.0   19.0   1.14   0.16   0.44   0.05  -0.34  -0.22 54.8 73.3770 41.7392 54.8 31 4.01 33 19
  20.0   -2.0   20.0   1.13   0.10   0.39   0.05  -0.33  -0.23 53.7 73.3770 41.7392 53.7 33 4.01 33 20
  21.0   -2.0   21.0   1.11   0.04   0.34   0.06  -0.33  -0.24 52.6 73.3770 41.7392 52.6 36 4.00 33 21
  22.0   -2.0   22.0   1.09  -0.02   0.28   0.06  -0.32  -0.25 51.4 73.3770 41.7392 51.4 38 3.99 33 22
  23.0   -2.0   23.0   1.08  -0.08   0.23   0.07  -0.32  -0.25 50.2 73.3770 41.7392 50.2 41 3.99 33 23
  24.0   -2.0   24.0   1.06  -0.14   0.18   0.08  -0.31  -0.26 49.0 73.3770 41.7392 49.0 43 3.98 33 24
  25.0   -2.0   25.0   1.05  -0.20   0.13   0.08  -0.30  -0.27 47.8 73.3770 41.7392 47.8 46 3.98 33 25
   1.0   -3.0    1.0  -2.94  -0.59  -0.63   1.33  -1.11  -0.10 51.9 73.3770 41.7392 51.9 29 4.33 32 1
   2.0   -3.0    2.0  -1.32  -0.04  -0.07   0.70  -0.57  -0.10 51.6 73.3770 41.7392 51.6 37 4.10 32 2
   3.0   -3.0    3.0  -0.75   0.16   0.14   0.48  -0.39  -0.11 50.9 73.3770 41.7392 50.9 49 3.95 32 3
   4.0   -3.0    4.0  -4.82   2.68   2.50   3.71  -3.02  -1.19 50.1 73.3770 41.7392 50.1 63 3.84 32 4
   5.0   -3.0    5.0  -5.22   2.70   2.66   5.53  -5.31  -1.18 54.1 73.3770 41.7392 54.1 69 3.93 32 5
   6.0   -3.0    6.0  -1.66   3.81   3.92   4.09  -4.71  -1.21 55.2 73.3770 41.7392 55.2 65 3.92 32 6
   7.0   -3.0    7.0   0.71   4.56   4.82   3.27  -4.35  -1.25 55.7 73.3770 41.7392 55.7 63 3.92 32 7
   8.0   -3.0    8.0   2.51   5.08   5.48   2.75  -4.14  -1.29 55.8 73.3770 41.7392 55.8 49 3.93 32 8
   9.0   -3.0    9.0   0.39   0.54   0.60   0.24  -0.40  -0.13 55.7 73.3770 41.7392 55.7 37 3.95 32 9
  10.0   -3.0   10.0   0.50   0.57   0.64   0.22  -0.39  -0.14 55.4 73.3770 41.7392 55.4 29 3.96 32 10
  11.0   -3.0   11.0   0.60   0.59   0.66   0.20  -0.38  -0.15 54.9 73.3770 41.7392 54.9 22 3.97 32 11
  12.0   -3.0   12.0   0.67   0.60   0.69   0.19  -0.38  -0.15 54.4 73.3770 41.7392 54.4 18 3.98 32 12
  13.0   -3.0   13.0   0.73   0.60   0.70   0.19  -0.38  -0.16 53.7 73.3770 41.7392 53.7 14 3.99 32 13
  14.0   -3.0   14.0   0.78   0.59   0.70   0.18  -0.38  -0.16 53.0 73.3770 41.7392 53.0 11 3.99 32 14
  15.0   -3.0   15.0   0.83   0.59   0.71   0.18  -0.38  -0.17 52.1 73.3770 41.7392 52.1 9 4.00 32 15
  16.0   -3.0   16.0   0.86   0.57   0.70   0.18  -0.38  -0.17 51.2 73.3770 41.7392 51.2 8 4.00 32 16
  17.0   -3.0   17.0   0.88   0.55   0.69   0.18  -0.38  -0.18 50.2 73.3770 41.7392 50.2 7 4.01 32 17
  18.0   -3.0   18.0   0.90   0.53   0.68   0.19  -0.38  -0.19 49.2 73.3770 41.7392 49.2 7 4.01 32 18
  19.0   -3.0   19.0   0.92   0.51   0.66   0.19  -0.38  -0.19 48.0 73.3770 41.7392 48.0 7 4.01 32 19
  20.0   -3.0   20.0   0.93   0.48   0.64   0.20  -0.38  -0.20 46.9 73.3770 41.7392 46.9 8 4.01 32 20
  21.0   -3.0   21.0   0.94   0.45   0.62   0.21  -0.38  -0.21 45.6 73.3770 41.7392 45.6 9 4.01 32 21
  22.0   -3.0   22.0   0.94   0.42   0.60   0.21  -0.38  -0.22 44.3 73.3770 41.7392 44.3 10 4.01 32 22
  23.0   -3.0   23.0   0.94   0.39   0.58   0.22  -0.37  -0.22 43.0 73.3770 41.7392 43.0 12 4.01 32 23
  24.0   -3.0   24.0   0.94   0.36   0.55   0.23  -0.37  -0.23 41.7 73.3770 41.7392 41.7 14 4.01 32 24
  25.0   -3.0   25.0   0.94   0.32   0.53   0.24  -0.36  -0.24 40.3 73.3770 41.7392 40.3 16 4.01 32 25
   1.0   -4.0    1.0  -4.27  -0.96  -1.13   1.25  -0.94  -0.06 43.0 73.3770 41.7392 43.0 16 4.40 31 1
   2.0   -4.0    2.0  -2.08  -0.21  -0.38   0.65  -0.49  -0.06 42.9 73.3770 41.7392 42.9 20 4.19 31 2
   3.0   -4.0    3.0  -1.31   0.07  -0.10   0.45  -0.34  -0.07 42.3 73.3770 41.7392 42.3 26 4.06 31 3
   4.0   -4.0    4.0  -0.95   0.22   0.05   0.35  -0.26  -0.07 41.4 73.3770 41.7392 41.4 32 3.96 31 4
   5.0   -4.0    5.0  -1.40   0.11  -0.06   0.57  -0.45  -0.07 46.1 73.3770 41.7392 46.1 28 4.09 31 5
   6.0   -4.0    6.0  -0.96   0.27   0.11   0.45  -0.39  -0.07 47.3 73.3770 41.7392 47.3 35 3.99 31 6
   7.0   -4.0    7.0  -6.53   3.79   2.37   3.79  -3.60  -0.75 47.9 73.3770 41.7392 47.9 45 3.90 31 7
   8.0   -4.0    8.0  -4.22   4.64   3.35   3.35  -3.41  -0.78 48.0 73.3770 41.7392 48.0 43 3.90 31 8
   9.0   -4.0    9.0  -2.39   5.30   4.16   3.06  -3.31  -0.82 47.9 73.3770 41.7392 47.9 41 3.91 31 9
  10.0   -4.0   10.0  -0.90   5.84   4.84   2.86  -3.25  -0.86 47.6 73.3770 41.7392 47.6 40 3.92 31 10
  11.0   -4.0   11.0   0.34   6.28   5.42   2.73  -3.22  -0.90 47.3 73.3770 41.7392 47.3 39 3.93 31 11
  12.0   -4.0   12.0   0.14   0.67   0.59   0.27  -0.32  -0.09 46.8 73.3770 41.7392 46.8 39 3.94 31 12
  13.0   -4.0   13.0   0.23   0.70   0.64   0.26  -0.32  -0.10 46.3 73.3770 41.7392 46.3 40 3.95 31 13
  14.0   -4.0   14.0   0.31   0.72   0.67   0.26  -0.32  -0.10 45.7 73.3770 41.7392 45.7 41 3.96 31 14
  15.0   -4.0   15.0   0.38   0.75   0.71   0.26  -0.33  -0.11 45.1 73.3770 41.7392 45.1 42 3.96 31 15
  16.0   -4.0   16.0   0.44   0.76   0.74   0.26  -0.33  -0.11 44.4 73.3770 41.7392 44.4 42 3.97 31 16
  17.0   -4.0   17.0   0.49   0.78   0.76   0.27  -0.34  -0.12 43.6 73.3770 41.7392 43.6 38 3.98 31 17
  18.0   -4.0   18.0   0.54   0.79   0.78   0.27  -0.34  -0.12 42.8 73.3770 41.7392 42.8 35 3.99 31 18
  19.0   -4.0   19.0   0.58   0.80   0.80   0.28  -0.34  -0.13 41.9 73.3770 41.7392 41.9 32 4.00 31 19
  20.0   -4.0   20.0   0.62   0.81   0.82   0.28  -0.35  -0.13 41.0 73.3770 41.7392 41.0 30 4.00 31 20
  21.0   -4.0   21.0   0.65   0.82   0.83   0.29  -0.35  -0.14 40.0 73.3770 41.7392 40.0 28 4.01 31 21
  22.0   -4.0   22.0   0.67   0.82   0.85   0.30  -0.35  -0.15 38.9 73.3770 41.7392 38.9 27 4.02 31 22
  23.0   -4.0   23.0   0.69   0.82   0.86   0.31  -0.35  -0.15 37.8 73.3770 41.7392 37.8 25 4.02 31 23
  24.0   -4.0   24.0   0.71   0.83   0.87   0.32  -0.36  -0.16 36.7 73.3770 41.7392 36.7 24 4.03 31 24
  25.0   -4.0   25.0   0.73   0.83   0.88   0.33  -0.36  -0.17 35.5 73.3770 41.7392 35.5 22 4.03 31 25
   1.0   -5.0    1.0  -4.39  -1.05  -1.29   0.88  -0.56  -0.01 36.5 73.3770 41.7392 36.5 10 4.38 30 1
   2.0   -5.0    2.0  -2.24  -0.30  -0.55   0.46  -0.30  -0.01 36.6 73.3770 41.7392 36.6 14 4.19 30 2
   3.0   -5.0    3.0  -1.49  -0.02  -0.28   0.32  -0.21  -0.02 36.3 73.3770 41.7392 36.3 20 4.07 30 3
   4.0   -5.0    4.0  -1.13   0.14  -0.13   0.25  -0.16  -0.02 35.7 73.3770 41.7392 35.7 26 3.99 30 4
   5.0   -5.0    5.0  -1.84  -0.04  -0.31   0.44  -0.27  -0.02 39.0 73.3770 41.7392 39.0 19 4.13 30 5
   6.0   -5.0    6.0  -1.41   0.12  -0.15   0.38  -0.23  -0.02 39.8 73.3770 41.7392 39.8 23 4.06 30 6
   7.0   -5.0    7.0  -1.12   0.25  -0.02   0.34  -0.21  -0.02 40.3 73.3770 41.7392 40.3 27 4.00 30 7
   8.0   -5.0    8.0  -0.90   0.34   0.09   0.31  -0.20  -0.02 40.3 73.3770 41.7392 40.3 31 3.94 30 8
   9.0   -5.0    9.0  -7.16   4.21   1.84   2.91  -1.98  -0.20 40.2 73.3770 41.7392 40.2 37 3.88 30 9
  10.0   -5.0   10.0  -5.66   4.91   2.66   2.80  -1.97  -0.21 40.0 73.3770 41.7392 40.0 36 3.87 30 10
  11.0   -5.0   11.0  -4.38   5.53   3.40   2.73  -1.98  -0.23 39.7 73.3770 41.7392 39.7 33 3.89 30 11
  12.0   -5.0   12.0  -3.26   6.11   4.09   2.69  -2.01  -0.25 39.4 73.3770 41.7392 39.4 31 3.91 30 12
  13.0   -5.0   13.0  -2.27   6.64   4.74   2.68  -2.05  -0.28 39.1 73.3770 41.7392 39.1 29 3.92 30 13
  14.0   -5.0   14.0  -0.14   0.71   0.53   0.27  -0.21  -0.03 38.8 73.3770 41.7392 38.8 27 3.94 30 14
  15.0   -5.0   15.0  -0.06   0.76   0.59   0.27  -0.22  -0.03 38.4 73.3770 41.7392 38.4 26 3.95 30 15
  16.0   -5.0   16.0   0.02   0.81   0.65   0.27  -0.22  -0.04 38.0 73.3770 41.7392 38.0 25 3.96 30 16
  17.0   -5.0   17.0   0.09   0.85   0.70   0.28  -0.23  -0.04 37.6 73.3770 41.7392 37.6 24 3.98 30 17
  18.0   -5.0   18.0   0.15   0.89   0.75   0.29  -0.24  -0.04 37.2 73.3770 41.7392 37.2 24 3.99 30 18
  19.0   -5.0   19.0   0.20   0.93   0.80   0.29  -0.24  -0.05 36.8 73.3770 41.7392 36.8 24 4.00 30 19
  20.0   -5.0   20.0   0.26   0.97   0.85   0.30  -0.25  -0.05 36.3 73.3770 41.7392 36.3 24 4.01 30 20
  21.0   -5.0   21.0   0.30   1.01   0.89   0.31  -0.26  -0.05 35.8 73.3770 41.7392 35.8 24 4.02 30 21
  22.0   -5.0   22.0   0.35   1.05   0.94   0.32  -0.27  -0.06 35.2 73.3770 41.7392 35.2 24 4.03 30 22
  23.0   -5.0   23.0   0.38   1.09   0.98   0.32  -0.27  -0.06 34.6 73.3770 41.7392 34.6 24 4.04 30 23
  24.0   -5.0   24.0   0.42   1.13   1.03   0.33  -0.28  -0.07 33.9 73.3770 41.7392 33.9 24 4.05 30 24
  25.0   -5.0   25.0   0.44   1.16   1.07   0.34  -0.29  -0.08 33.2 73.3770 41.7392 33.2 24 4.06 30 25
   1.0   -6.0    1.0  -3.35  -0.84  -1.09   0.34  -0.12   0.03 31.7 73.3770 41.7392 31.7 8 4.29 29 1
   2.0   -6.0    2.0  -1.80  -0.30  -0.57   0.18  -0.07   0.03 31.8 73.3770 41.7392 31.8 16 4.11 29 2
   3.0   -6.0    3.0  -1.26  -0.09  -0.37   0.12  -0.05   0.03 31.7 73.3770 41.7392 31.7 23 4.01 29 3
   4.0   -6.0    4.0  -1.00   0.04  -0.26   0.10  -0.04   0.03 31.6 73.3770 41.7392 31.6 31 3.94 29 4
   5.0   -6.0    5.0  -1.76  -0.16  -0.47   0.23  -0.06   0.03 32.7 73.3770 41.7392 32.7 19 4.11 29 5
   6.0   -6.0    6.0  -1.46  -0.03  -0.34   0.22  -0.05   0.04 32.9 73.3770 41.7392 32.9 23 4.05 29 6
   7.0   -6.0    7.0  -1.25   0.08  -0.23   0.22  -0.05   0.04 33.1 73.3770 41.7392 33.1 27 4.01 29 7
   8.0   -6.0    8.0  -1.09   0.16  -0.14   0.21  -0.04   0.04 33.0 73.3770 41.7392 33.0 31 3.97 29 8
   9.0   -6.0    9.0  -9.55   2.37  -0.63   2.10  -0.46   0.38 32.8 73.3770 41.7392 32.8 34 3.93 29 9
  10.0   -6.0   10.0  -8.41   3.06   0.14   2.09  -0.49   0.39 32.7 73.3770 41.7392 32.7 38 3.90 29 10
  11.0   -6.0   11.0  -7.40   3.72   0.87   2.09  -0.54   0.39 32.5 73.3770 41.7392 32.5 41 3.87 29 11
  12.0   -6.0   12.0  -6.49   4.35   1.59   2.11  -0.59   0.39 32.3 73.3770 41.7392 32.3 46 3.83 29 12
  13.0   -6.0   13.0  -5.65   4.98   2.29   2.14  -0.65   0.39 32.2 73.3770 41.7392 32.2 43 3.84 29 13
  14.0   -6.0   14.0  -4.86   5.59   2.98   2.17  -0.72   0.39 32.0 73.3770 41.7392 32.0 38 3.87 29 14
  15.0   -6.0   15.0  -4.12   6.20   3.66   2.21  -0.80   0.39 31.9 73.3770 41.7392 31.9 35 3.89 29 15
  16.0   -6.0   16.0  -3.42   6.82   4.34   2.26  -0.88   0.38 31.8 73.3770 41.7392 31.8 31 3.91 29 16
  17.0   -6.0   17.0  -2.75   7.43   5.02   2.32  -0.96   0.37 31.7 73.3770 41.7392 31.7 29 3.93 29 17
  18.0   -6.0   18.0  -0.21   0.80   0.57   0.24  -0.11   0.04 31.6 73.3770 41.7392 31.6 26 3.95 29 18
  19.0   -6.0   19.0  -0.15   0.87   0.64   0.24  -0.12   0.03 31.5 73.3770 41.7392 31.5 24 3.97 29 19
  20.0   -6.0   20.0  -0.09   0.93   0.70   0.25  -0.13   0.03 31.5 73.3770 41.7392 31.5 22 3.99 29 20
  21.0   -6.0   21.0  -0.04   0.99   0.77   0.26  -0.14   0.03 31.4 73.3770 41.7392 31.4 21 4.01 29 21
  22.0   -6.0   22.0   0.01   1.05   0.84   0.27  -0.15   0.03 31.3 73.3770 41.7392 31.3 19 4.02 29 22
  23.0   -6.0   23.0   0.05   1.12   0.90   0.27  -0.16   0.03 31.2 73.3770 41.7392 31.2 18 4.04 29 23
  24.0   -6.0   24.0   0.09   1.18   0.97   0.28  -0.17   0.02 31.1 73.3770 41.7392 31.1 17 4.05 29 24
  25.0   -6.0   25.0   0.12   1.24   1.03   0.29  -0.18   0.02 30.8 73.3770 41.7392 30.8 16 4.07 29 25
   1.0   -7.0    1.0  -1.49  -0.42  -0.63  -0.21   0.27   0.06 28.1 73.3770 41.7392 28.1 11 4.07 28 1
   2.0   -7.0    2.0  -9.11  -2.14  -4.37  -1.09   1.37   0.62 28.1 73.3770 41.7392 28.1 22 3.93 28 2
   3.0   -7.0    3.0  -7.16  -1.25  -3.65  -0.73   0.89   0.65 28.0 73.3770 41.7392 28.0 33 3.85 28 3
   4.0   -7.0    4.0  -6.21  -0.61  -3.21  -0.55   0.67   0.69 28.0 73.3770 41.7392 28.0 43 3.81 28 4
   5.0   -7.0    5.0  -1.23  -0.22  -0.49  -0.01   0.12   0.07 27.6 73.3770 41.7392 27.6 23 4.00 28 5
   6.0   -7.0    6.0  -1.13  -0.15  -0.43   0.04   0.11   0.07 27.3 73.3770 41.7392 27.3 27 3.98 28 6
   7.0   -7.0    7.0  -1.05  -0.09  -0.38   0.06   0.10   0.08 27.1 73.3770 41.7392 27.1 30 3.96 28 7
   8.0   -7.0    8.0  -0.99  -0.04  -0.33   0.08   0.09   0.08 26.9 73.3770 41.7392 26.9 33 3.94 28 8
   9.0   -7.0    9.0  -9.33   0.12  -2.79   0.92   0.87   0.80 26.6 73.3770 41.7392 26.6 36 3.92 28 9
  10.0   -7.0   10.0  -8.82   0.64  -2.25   1.00   0.81   0.82 26.4 73.3770 41.7392 26.4 38 3.91 28 10
  11.0   -7.0   11.0  -8.32   1.17  -1.70   1.07   0.74   0.84 26.2 73.3770 41.7392 26.2 41 3.89 28 11
  12.0   -7.0   12.0  -7.82   1.72  -1.13   1.14   0.68   0.86 26.0 73.3770 41.7392 26.0 43 3.87 28 12
  13.0   -7.0   13.0  -7.33   2.28  -0.53   1.20   0.61   0.88 25.8 73.3770 41.7392 25.8 46 3.85 28 13
  14.0   -7.0   14.0  -6.84   2.87   0.08   1.25   0.54   0.90 25.7 73.3770 41.7392 25.7 50 3.83 28 14
  15.0   -7.0   15.0  -6.34   3.47   0.71   1.31   0.46   0.91 25.6 73.3770 41.7392 25.6 54 3.81 28 15
  16.0   -7.0   16.0  -5.84   4.10   1.36   1.36   0.38   0.93 25.5 73.3770 41.7392 25.5 58 3.79 28 16
  17.0   -7.0   17.0  -5.33   4.75   2.03   1.42   0.29   0.94 25.4 73.3770 41.7392 25.4 54 3.81 28 17
  18.0   -7.0   18.0  -4.84   5.41   2.71   1.47   0.20   0.95 25.4 73.3770 41.7392 25.4 48 3.84 28 18
  19.0   -7.0   19.0  -4.34   6.09   3.40   1.53   0.10   0.96 25.4 73.3770 41.7392 25.4 44 3.87 28 19
  20.0   -7.0   20.0  -3.86   6.78   4.10   1.58  -0.01   0.97 25.5 73.3770 41.7392 25.5 40 3.90 28 20
  21.0   -7.0   21.0  -3.40   7.48   4.81   1.64  -0.13   0.97 25.6 73.3770 41.7392 25.6 36 3.92 28 21
  22.0   -7.0   22.0  -0.30   0.82   0.55   0.17  -0.03   0.10 25.6 73.3770 41.7392 25.6 33 3.95 28 22
  23.0   -7.0   23.0  -0.26   0.89   0.62   0.17  -0.04   0.10 25.7 73.3770 41.7392 25.7 30 3.97 28 23
  24.0   -7.0   24.0  -0.22   0.96   0.70   0.18  -0.05   0.10 25.8 73.3770 41.7392 25.8 28 3.99 28 24
  25.0   -7.0   25.0  -0.19   1.04   0.77   0.19  -0.07   0.10 25.9 73.3770 41.7392 25.9 26 4.01 28 25
   1.0   -8.0    1.0   0.59   0.07  -0.06  -0.60   0.51   0.07 25.1 73.3770 41.7392 25.1 59 3.97 27 1
   2.0   -8.0    2.0   1.29  -0.81  -2.22  -3.15   2.66   0.75 25.2 73.3770 41.7392 25.2 80 3.75 27 2
   3.0   -8.0    3.0  -0.44  -1.25  -2.81  -2.15   1.79   0.79 24.8 73.3770 41.7392 24.8 61 3.72 27 3
   4.0   -8.0    4.0  -1.27  -1.35  -3.08  -1.65   1.37   0.84 24.5 73.3770 41.7392 24.5 41 3.71 27 4
   5.0   -8.0    5.0  -4.50  -2.20  -4.10  -2.01   2.37   0.85 24.0 73.3770 41.7392 24.0 19 3.85 27 5
   6.0   -8.0    6.0  -5.58  -2.31  -4.34  -1.20   2.08   0.88 23.5 73.3770 41.7392 23.5 12 3.86 27 6
   7.0   -8.0    7.0  -6.27  -2.29  -4.42  -0.73   1.93   0.91 23.1 73.3770 41.7392 23.1 18 3.86 27 7
   8.0   -8.0    8.0  -6.73  -2.18  -4.39  -0.43   1.81   0.95 22.8 73.3770 41.7392 22.8 23 3.87 27 8
   9.0   -8.0    9.0  -7.04  -2.00  -4.26  -0.23   1.72   0.98 22.4 73.3770 41.7392 22.4 27 3.87 27 9
  10.0   -8.0   10.0  -7.24  -1.76  -4.07  -0.08   1.64   1.01 22.0 73.3770 41.7392 22.0 31 3.87 27 10
  11.0   -8.0   11.0  -7.34  -1.48  -3.82   0.03   1.58   1.05 21.6 73.3770 41.7392 21.6 33 3.87 27 11
  12.0   -8.0   12.0  -7.36  -1.14  -3.50   0.12   1.52   1.08 21.3 73.3770 41.7392 21.3 36 3.87 27 12
  13.0   -8.0   13.0  -7.31  -0.76  -3.14   0.20   1.46   1.11 21.0 73.3770 41.7392 21.0 38 3.86 27 13
  14.0   -8.0   14.0  -7.21  -0.34  -2.74   0.26   1.40   1.14 20.7 73.3770 41.7392 20.7 40 3.86 27 14
  15.0   -8.0   15.0  -7.05   0.12  -2.30   0.32   1.33   1.17 20.4 73.3770 41.7392 20.4 43 3.85 27 15
  16.0   -8.0   16.0  -6.86   0.62  -1.81   0.37   1.27   1.20 20.1 73.3770 41.7392 20.1 46 3.84 27 16
  17.0   -8.0   17.0  -6.63   1.15  -1.30   0.42   1.19   1.23 19.9 73.3770 41.7392 19.9 49 3.83 27 17
  18.0   -8.0   18.0  -6.37   1.71  -0.77   0.46   1.12   1.26 19.7 73.3770 41.7392 19.7 53 3.82 27 18
  19.0   -8.0   19.0  -6.09   2.30  -0.20   0.50   1.03   1.28 19.5 73.3770 41.7392 19.5 57 3.80 27 19
  20.0   -8.0   20.0  -5.80   2.90   0.38   0.54   0.93   1.30 19.4 73.3770 41.7392 19.4 61 3.79 27 20
  21.0   -8.0   21.0  -5.51   3.52   0.97   0.58   0.82   1.33 19.3 73.3770 41.7392 19.3 66 3.77 27 21
  22.0   -8.0   22.0  -5.22   4.16   1.58   0.62   0.71   1.35 19.2 73.3770 41.7392 19.2 67 3.77 27 22
  23.0   -8.0   23.0  -4.94   4.81   2.19   0.66   0.59   1.37 19.2 73.3770 41.7392 19.2 60 3.81 27 23
  24.0   -8.0   24.0  -4.69   5.47   2.81   0.70   0.45   1.39 19.2 73.3770 41.7392 19.2 55 3.84 27 24
  25.0   -8.0   25.0  -4.47   6.14   3.43   0.75   0.32   1.41 19.2 73.3770 41.7392 19.2 50 3.87 27 25
   1.0   -0.0    1.0   2.91   0.84   1.16  -0.30  -0.00  -0.08 74.5 73.3770 41.7392 74.5 14 4.25 35 1
   2.0   -0.0    2.0   1.66   0.41   0.76  -0.15   0.01  -0.08 74.1 73.3770 41.7392 74.1 24 4.09 35 2
   3.0   -0.0    3.0   1.24   0.25   0.62  -0.10   0.01  -0.09 73.7 73.3770 41.7392 73.7 33 4.00 35 3
   4.0   -0.0    4.0   1.03   0.16   0.55  -0.08   0.01  -0.09 73.3 73.3770 41.7392 73.3 42 3.95 35 4
   5.0   -0.0    5.0   1.97   0.43   0.83  -0.22  -0.02  -0.10 73.4 73.3770 41.7392 73.4 24 4.14 35 5
   6.0   -0.0    6.0   1.80   0.35   0.76  -0.23  -0.04  -0.10 73.2 73.3770 41.7392 73.2 27 4.11 35 6
   7.0   -0.0    7.0   1.68   0.29   0.69  -0.24  -0.05  -0.11 72.7 73.3770 41.7392 72.7 29 4.09 35 7
   8.0   -0.0    8.0   1.60   0.24   0.64  -0.24  -0.05  -0.11 72.1 73.3770 41.7392 72.1 31 4.08 35 8
   9.0   -0.0    9.0   1.53   0.20   0.59  -0.24  -0.05  -0.11 71.4 73.3770 41.7392 71.4 32 4.07 35 9
  10.0   -0.0   10.0   1.47   0.15   0.54  -0.24  -0.05  -0.12 70.6 73.3770 41.7392 70.6 33 4.06 35 10
  11.0   -0.0   11.0   1.43   0.11   0.49  -0.24  -0.05  -0.12 69.7 73.3770 41.7392 69.7 34 4.05 35 11
  12.0   -0.0   12.0   1.38   0.07   0.44  -0.24  -0.05  -0.12 68.9 73.3770 41.7392 68.9 34 4.04 35 12
  13.0   -0.0   13.0   1.34   0.02   0.38  -0.25  -0.05  -0.13 68.1 73.3770 41.7392 68.1 35 4.03 35 13
  14.0   -0.0   14.0   1.30  -0.03   0.33  -0.25  -0.04  -0.13 67.2 73.3770 41.7392 67.2 36 4.02 35 14
  15.0   -0.0   15.0   1.25  -0.08   0.27  -0.25  -0.04  -0.13 66.4 73.3770 41.7392 66.4 38 4.01 35 15
  16.0   -0.0   16.0   1.21  -0.14   0.21  -0.26  -0.04  -0.14 65.5 73.3770 41.7392 65.5 39 4.00 35 16
  17.0   -0.0   17.0   1.17  -0.20   0.15  -0.26  -0.03  -0.14 64.7 73.3770 41.7392 64.7 40 3.99 35 17
  18.0   -0.0   18.0   1.13  -0.26   0.08  -0.27  -0.03  -0.14 63.8 73.3770 41.7392 63.8 42 3.98 35 18
  19.0   -0.0   19.0   1.09  -0.33   0.02  -0.27  -0.02  -0.15 63.0 73.3770 41.7392 63.0 43 3.97 35 19
  20.0   -0.0   20.0   1.04  -0.39  -0.05  -0.28  -0.02  -0.15 62.1 73.3770 41.7392 62.1 45 3.96 35 20
  21.0   -0.0   21.0   1.01  -0.46  -0.12  -0.28  -0.01  -0.15 61.2 73.3770 41.7392 61.2 47 3.95 35 21
  22.0   -0.0   22.0   0.97  -0.53  -0.18  -0.28  -0.00  -0.16 60.3 73.3770 41.7392 60.3 49 3.94 35 22
  23.0   -0.0   23.0   9.38  -6.00  -2.50  -2.88   0.06  -1.59 59.4 73.3770 41.7392 59.4 51 3.93 35 23
  24.0   -0.0   24.0   0.91  -0.67  -0.31  -0.29   0.01  -0.16 58.4 73.3770 41.7392 58.4 51 3.94 35 24
  25.0   -0.0   25.0   0.89  -0.74  -0.37  -0.29   0.02  -0.17 57.4 73.3770 41.7392 57.4 48 3.96 35 25
