   1.0    8.0    1.0   0.89   0.08  -0.10   0.67  -0.65   0.07 11.7 -90.5430 36.9077 11.7 49 4.05 12 1
   2.0    8.0    2.0   3.84  -0.44  -3.58   4.57  -4.29   1.25 13.2 -90.5430 36.9077 13.2 85 3.86 12 2
   3.0    8.0    3.0  -0.52  -0.96  -5.50   3.16  -2.97   1.94 15.2 -90.5430 36.9077 15.2 46 3.88 12 3
   4.0    8.0    4.0  -2.45  -0.75  -6.46   2.58  -2.44   2.51 17.2 -90.5430 36.9077 17.2 33 3.91 12 4
   5.0    8.0    5.0  -3.38  -0.28  -6.76   2.27  -2.16   2.83 18.4 -90.5430 36.9077 18.4 41 3.91 12 5
   6.0    8.0    6.0  -3.74   0.28  -6.61   2.09  -2.00   2.94 18.8 -90.5430 36.9077 18.8 50 3.91 12 6
   7.0    8.0    7.0  -3.77   0.90  -6.19   2.00  -1.92   2.93 18.8 -90.5430 36.9077 18.8 58 3.89 12 7
   8.0    8.0    8.0  -3.59   1.58  -5.61   1.94  -1.87   2.86 18.5 -90.5430 36.9077 18.5 67 3.87 12 8
   9.0    8.0    9.0  -3.30   2.32  -4.95   1.92  -1.86   2.81 18.1 -90.5430 36.9077 18.1 70 3.85 12 9
  10.0    8.0   10.0  -2.95   3.15  -4.22   1.91  -1.86   2.77 17.6 -90.5430 36.9077 17.6 73 3.83 12 10
  11.0    8.0   11.0  -2.68   4.19  -3.21   2.20  -2.16   2.67 17.1 -90.5430 36.9077 17.1 85 3.81 12 11
  12.0    8.0   12.0  -1.90   5.39  -2.05   2.25  -2.22   2.57 16.6 -90.5430 36.9077 16.6 85 3.81 12 12
  13.0    8.0   13.0  -1.12   6.56  -0.92   2.30  -2.30   2.49 16.1 -90.5430 36.9077 16.1 74 3.86 12 13
  14.0    8.0   14.0  -0.36   7.68   0.16   2.37  -2.39   2.42 15.7 -90.5430 36.9077 15.7 67 3.90 12 14
  15.0    8.0   15.0   0.32   8.73   1.15   2.45  -2.50   2.36 15.3 -90.5430 36.9077 15.3 62 3.93 12 15
  16.0    8.0   16.0   0.09   0.97   0.21   0.25  -0.26   0.23 15.0 -90.5430 36.9077 15.0 59 3.96 12 16
  17.0    8.0   17.0   0.13   1.06   0.29   0.26  -0.28   0.23 14.6 -90.5430 36.9077 14.6 57 3.98 12 17
  18.0    8.0   18.0   0.16   1.14   0.36   0.27  -0.29   0.23 14.2 -90.5430 36.9077 14.2 54 4.00 12 18
  19.0    8.0   19.0   0.17   1.21   0.42   0.28  -0.30   0.23 13.9 -90.5430 36.9077 13.9 51 4.02 12 19
  20.0    8.0   20.0   0.16   1.27   0.47   0.28  -0.32   0.23 13.5 -90.5430 36.9077 13.5 50 4.03 12 20
  21.0    8.0   21.0   0.19   1.34   0.54   0.32  -0.37   0.22 13.1 -90.5430 36.9077 13.1 44 4.06 12 21
  22.0    8.0   22.0   0.18   1.39   0.58   0.33  -0.38   0.21 12.7 -90.5430 36.9077 12.7 43 4.07 12 22
  23.0    8.0   23.0   0.15   1.41   0.61   0.33  -0.39   0.21 12.3 -90.5430 36.9077 12.3 42 4.08 12 23
  24.0    8.0   24.0   0.09   1.42   0.61   0.32  -0.39   0.20 12.0 -90.5430 36.9077 12.0 43 4.08 12 24
  25.0    8.0   25.0   0.01   1.41   0.60   0.32  -0.39   0.20 11.6 -90.5430 36.9077 11.6 44 4.08 12 25
   1.0    7.0    1.0  -1.14  -0.28  -0.41   0.60  -0.60   0.09 11.3 -90.5430 36.9077 11.3 23 4.09 11 1
   2.0    7.0    2.0  -0.97  -0.18  -0.36   0.35  -0.34   0.11 9.6 -90.5430 36.9077 9.6 14 4.00 11 2
   3.0    7.0    3.0  -7.37  -0.40  -2.54   2.25  -2.22   1.13 8.9 -90.5430 36.9077 8.9 23 3.91 11 3
   4.0    7.0    4.0  -5.81   0.62  -1.61   1.75  -1.76   0.97 8.2 -90.5430 36.9077 8.2 31 3.83 11 4
   5.0    7.0    5.0  -4.63   1.42  -0.66   1.50  -1.52   0.69 7.6 -90.5430 36.9077 7.6 36 3.77 11 5
   6.0    7.0    6.0  -3.64   2.10   0.28   1.35  -1.39   0.37 7.1 -90.5430 36.9077 7.1 38 3.70 11 6
   7.0    7.0    7.0  -2.81   2.72   1.20   1.26  -1.31   0.06 6.7 -90.5430 36.9077 6.7 36 3.68 11 7
   8.0    7.0    8.0  -2.09   3.31   2.08   1.21  -1.27  -0.22 6.5 -90.5430 36.9077 6.5 31 3.73 11 8
   9.0    7.0    9.0  -1.51   3.86   2.92   1.17  -1.26  -0.47 6.3 -90.5430 36.9077 6.3 30 3.77 11 9
  10.0    7.0   10.0  -1.08   4.33   3.70   1.16  -1.26  -0.70 6.1 -90.5430 36.9077 6.1 31 3.80 11 10
  11.0    7.0   11.0  -0.28   5.17   4.81   1.27  -1.42  -0.95 6.0 -90.5430 36.9077 6.0 33 3.85 11 11
  12.0    7.0   12.0   0.58   5.99   5.89   1.23  -1.41  -1.17 5.9 -90.5430 36.9077 5.9 34 3.88 11 12
  13.0    7.0   13.0   1.36   6.74   6.87   1.19  -1.41  -1.37 5.8 -90.5430 36.9077 5.8 35 3.91 11 13
  14.0    7.0   14.0   2.04   7.40   7.77   1.15  -1.42  -1.55 5.7 -90.5430 36.9077 5.7 36 3.93 11 14
  15.0    7.0   15.0   0.26   0.80   0.86   0.11  -0.14  -0.17 5.5 -90.5430 36.9077 5.5 37 3.95 11 15
  16.0    7.0   16.0   0.30   0.84   0.92   0.10  -0.14  -0.19 5.4 -90.5430 36.9077 5.4 38 3.97 11 16
  17.0    7.0   17.0   0.33   0.88   0.98   0.10  -0.14  -0.20 5.1 -90.5430 36.9077 5.1 37 3.98 11 17
  18.0    7.0   18.0   0.34   0.90   1.02   0.09  -0.14  -0.21 4.9 -90.5430 36.9077 4.9 36 3.99 11 18
  19.0    7.0   19.0   0.32   0.90   1.04   0.08  -0.14  -0.22 4.6 -90.5430 36.9077 4.6 36 4.00 11 19
  20.0    7.0   20.0   0.28   0.89   1.04   0.07  -0.13  -0.23 4.3 -90.5430 36.9077 4.3 37 4.00 11 20
  21.0    7.0   21.0   0.34   0.92   1.09   0.05  -0.13  -0.24 4.1 -90.5430 36.9077 4.1 34 4.01 11 21
  22.0    7.0   22.0   0.33   0.94   1.11   0.01  -0.11  -0.25 4.0 -90.5430 36.9077 4.0 35 4.01 11 22
  23.0    7.0   23.0   0.31   0.94   1.12  -0.03  -0.07  -0.25 3.9 -90.5430 36.9077 3.9 36 4.01 11 23
  24.0    7.0   24.0   0.28   0.92   1.11  -0.07  -0.04  -0.25 3.9 -90.5430 36.9077 3.9 39 4.01 11 24
  25.0    7.0   25.0   0.22   0.90   1.09  -0.13   0.00  -0.25 4.0 -90.5430 36.9077 4.0 41 4.01 11 25
   1.0    6.0    1.0  -2.42  -0.48  -0.46   0.11  -0.15   0.08 4.6 -90.5430 36.9077 4.6 6 4.20 10 1
   2.0    6.0    2.0  -1.72  -0.24  -0.14  -0.01  -0.02   0.03 3.9 -90.5430 36.9077 3.9 7 4.09 10 2
   3.0    6.0    3.0  -9.94  -0.14   2.12  -0.33   0.11  -0.53 4.7 -90.5430 36.9077 4.7 25 3.94 10 3
   4.0    6.0    4.0  -5.87   0.91   4.57  -0.39   0.19  -1.54 6.8 -90.5430 36.9077 6.8 81 3.78 10 4
   5.0    6.0    5.0  -3.31   1.43   6.35  -0.41   0.23  -2.46 9.5 -90.5430 36.9077 9.5 51 3.85 10 5
   6.0    6.0    6.0  -1.59   1.72   7.63  -0.42   0.24  -3.15 12.2 -90.5430 36.9077 12.2 23 3.91 10 6
   7.0    6.0    7.0  -0.04   0.19   0.86  -0.04   0.02  -0.37 14.6 -90.5430 36.9077 14.6 9 3.94 10 7
   8.0    6.0    8.0   0.04   0.20   0.93  -0.05   0.02  -0.41 16.5 -90.5430 36.9077 16.5 6 3.97 10 8
   9.0    6.0    9.0   0.09   0.19   0.98  -0.05   0.03  -0.44 18.0 -90.5430 36.9077 18.0 10 3.99 10 9
  10.0    6.0   10.0   0.12   0.17   1.03  -0.05   0.02  -0.48 19.2 -90.5430 36.9077 19.2 14 4.00 10 10
  11.0    6.0   11.0   0.20   0.19   1.09  -0.07   0.03  -0.51 20.7 -90.5430 36.9077 20.7 19 4.02 10 11
  12.0    6.0   12.0   0.24   0.19   1.14  -0.08   0.04  -0.53 21.9 -90.5430 36.9077 21.9 22 4.03 10 12
  13.0    6.0   13.0   0.28   0.18   1.18  -0.09   0.05  -0.56 22.9 -90.5430 36.9077 22.9 25 4.04 10 13
  14.0    6.0   14.0   0.30   0.17   1.21  -0.10   0.06  -0.58 23.7 -90.5430 36.9077 23.7 28 4.05 10 14
  15.0    6.0   15.0   0.32   0.15   1.24  -0.12   0.07  -0.61 24.4 -90.5430 36.9077 24.4 30 4.06 10 15
  16.0    6.0   16.0   0.33   0.13   1.26  -0.14   0.09  -0.63 24.8 -90.5430 36.9077 24.8 32 4.06 10 16
  17.0    6.0   17.0   0.33   0.10   1.27  -0.16   0.10  -0.65 25.1 -90.5430 36.9077 25.1 34 4.07 10 17
  18.0    6.0   18.0   0.32   0.06   1.28  -0.18   0.12  -0.67 25.2 -90.5430 36.9077 25.2 36 4.07 10 18
  19.0    6.0   19.0   0.30   0.00   1.27  -0.21   0.14  -0.69 25.1 -90.5430 36.9077 25.1 39 4.07 10 19
  20.0    6.0   20.0   0.26  -0.07   1.24  -0.23   0.16  -0.71 24.8 -90.5430 36.9077 24.8 42 4.07 10 20
  21.0    6.0   21.0   0.31  -0.08   1.26  -0.31   0.23  -0.72 25.0 -90.5430 36.9077 25.0 44 4.08 10 21
  22.0    6.0   22.0   0.32  -0.10   1.26  -0.37   0.28  -0.72 25.1 -90.5430 36.9077 25.1 45 4.09 10 22
  23.0    6.0   23.0   0.32  -0.13   1.25  -0.44   0.33  -0.73 25.1 -90.5430 36.9077 25.1 46 4.10 10 23
  24.0    6.0   24.0   0.32  -0.16   1.24  -0.51   0.39  -0.73 25.1 -90.5430 36.9077 25.1 46 4.10 10 24
  25.0    6.0   25.0   0.32  -0.18   1.22  -0.59   0.45  -0.72 25.0 -90.5430 36.9077 25.0 47 4.11 10 25
   1.0    5.0    1.0  -2.38  -0.43  -0.23  -0.56   0.50   0.01 8.3 -90.5430 36.9077 8.3 10 4.22 9 1
   2.0    5.0    2.0  -1.50  -0.19   0.21  -0.45   0.40  -0.08 13.0 -90.5430 36.9077 13.0 30 4.09 9 2
   3.0    5.0    3.0  -6.76  -0.01   6.41  -3.29   2.98  -2.27 19.7 -90.5430 36.9077 19.7 98 3.89 9 3
   4.0    5.0    4.0  -0.24   0.04   0.92  -0.28   0.25  -0.37 28.1 -90.5430 36.9077 28.1 35 3.98 9 4
   5.0    5.0    5.0   0.02   0.03   1.10  -0.25   0.23  -0.49 36.1 -90.5430 36.9077 36.1 23 4.03 9 5
   6.0    5.0    6.0   0.18  -0.01   1.20  -0.24   0.21  -0.57 42.4 -90.5430 36.9077 42.4 30 4.05 9 6
   7.0    5.0    7.0   0.27  -0.05   1.24  -0.23   0.21  -0.62 46.8 -90.5430 36.9077 46.8 37 4.06 9 7
   8.0    5.0    8.0   0.31  -0.10   1.26  -0.22   0.20  -0.65 49.9 -90.5430 36.9077 49.9 42 4.07 9 8
   9.0    5.0    9.0   0.33  -0.16   1.27  -0.22   0.20  -0.68 52.0 -90.5430 36.9077 52.0 47 4.07 9 9
  10.0    5.0   10.0   0.32  -0.24   1.26  -0.22   0.20  -0.71 53.5 -90.5430 36.9077 53.5 52 4.07 9 10
  11.0    5.0   11.0   0.37  -0.30   1.25  -0.26   0.24  -0.74 55.2 -90.5430 36.9077 55.2 58 4.08 9 11
  12.0    5.0   12.0   0.36  -0.39   1.21  -0.28   0.25  -0.76 56.5 -90.5430 36.9077 56.5 63 4.07 9 12
  13.0    5.0   13.0   0.33  -0.47   1.18  -0.29   0.26  -0.77 57.4 -90.5430 36.9077 57.4 67 4.07 9 13
  14.0    5.0   14.0   0.31  -0.55   1.14  -0.31   0.28  -0.79 58.1 -90.5430 36.9077 58.1 71 4.07 9 14
  15.0    5.0   15.0   0.28  -0.63   1.11  -0.33   0.30  -0.82 58.6 -90.5430 36.9077 58.6 75 4.07 9 15
  16.0    5.0   16.0   0.26  -0.71   1.08  -0.36   0.33  -0.84 58.9 -90.5430 36.9077 58.9 78 4.07 9 16
  17.0    5.0   17.0   0.24  -0.78   1.06  -0.38   0.35  -0.86 59.0 -90.5430 36.9077 59.0 80 4.07 9 17
  18.0    5.0   18.0   0.22  -0.85   1.04  -0.41   0.38  -0.88 58.9 -90.5430 36.9077 58.9 83 4.07 9 18
  19.0    5.0   19.0   0.21  -0.93   1.02  -0.44   0.42  -0.91 58.5 -90.5430 36.9077 58.5 85 4.07 9 19
  20.0    5.0   20.0   0.20  -1.01   0.99  -0.47   0.45  -0.93 57.8 -90.5430 36.9077 57.8 89 4.07 9 20
  21.0    5.0   21.0   0.24  -1.05   0.98  -0.58   0.56  -0.94 57.4 -90.5430 36.9077 57.4 84 4.09 9 21
  22.0    5.0   22.0   0.26  -1.09   0.97  -0.63   0.61  -0.94 56.9 -90.5430 36.9077 56.9 82 4.10 9 22
  23.0    5.0   23.0   0.30  -1.12   0.97  -0.69   0.67  -0.95 56.2 -90.5430 36.9077 56.2 80 4.11 9 23
  24.0    5.0   24.0   0.35  -1.14   0.96  -0.76   0.73  -0.95 55.3 -90.5430 36.9077 55.3 78 4.13 9 24
  25.0    5.0   25.0   0.41  -1.16   0.97  -0.83   0.78  -0.95 54.3 -90.5430 36.9077 54.3 76 4.14 9 25
   1.0    4.0    1.0  -1.17  -0.15   0.15  -1.05   0.99  -0.07 25.1 -90.5430 36.9077 25.1 52 4.16 8 1
   2.0    4.0    2.0  -0.50  -0.02   0.51  -0.71   0.67  -0.17 29.6 -90.5430 36.9077 29.6 89 3.98 8 2
   3.0    4.0    3.0   0.02   0.04   0.81  -0.50   0.47  -0.29 36.7 -90.5430 36.9077 36.7 49 4.00 8 3
   4.0    4.0    4.0   0.28  -0.00   1.00  -0.41   0.39  -0.41 44.2 -90.5430 36.9077 44.2 36 4.03 8 4
   5.0    4.0    5.0   0.43  -0.07   1.09  -0.36   0.35  -0.50 50.1 -90.5430 36.9077 50.1 43 4.05 8 5
   6.0    4.0    6.0   0.49  -0.14   1.11  -0.34   0.33  -0.54 54.0 -90.5430 36.9077 54.0 51 4.05 8 6
   7.0    4.0    7.0   0.51  -0.22   1.09  -0.32   0.31  -0.56 56.1 -90.5430 36.9077 56.1 58 4.05 8 7
   8.0    4.0    8.0   0.51  -0.30   1.05  -0.32   0.31  -0.57 57.2 -90.5430 36.9077 57.2 64 4.04 8 8
   9.0    4.0    9.0   0.49  -0.39   1.00  -0.31   0.30  -0.58 57.6 -90.5430 36.9077 57.6 71 4.03 8 9
  10.0    4.0   10.0   0.46  -0.49   0.95  -0.31   0.30  -0.60 57.7 -90.5430 36.9077 57.7 77 4.02 8 10
  11.0    4.0   11.0   0.46  -0.59   0.88  -0.36   0.36  -0.60 57.6 -90.5430 36.9077 57.6 80 4.02 8 11
  12.0    4.0   12.0   0.40  -0.71   0.78  -0.38   0.37  -0.61 57.3 -90.5430 36.9077 57.3 85 4.01 8 12
  13.0    4.0   13.0   0.33  -0.83   0.69  -0.39   0.39  -0.61 56.9 -90.5430 36.9077 56.9 91 3.99 8 13
  14.0    4.0   14.0   0.27  -0.94   0.60  -0.40   0.41  -0.62 56.5 -90.5430 36.9077 56.5 95 3.99 8 14
  15.0    4.0   15.0   0.22  -1.05   0.53  -0.42   0.43  -0.63 55.9 -90.5430 36.9077 55.9 90 4.02 8 15
  16.0    4.0   16.0   0.18  -1.14   0.47  -0.44   0.46  -0.64 55.3 -90.5430 36.9077 55.3 87 4.04 8 16
  17.0    4.0   17.0   0.15  -1.22   0.42  -0.46   0.49  -0.66 54.7 -90.5430 36.9077 54.7 85 4.05 8 17
  18.0    4.0   18.0   0.14  -1.28   0.39  -0.48   0.52  -0.67 54.0 -90.5430 36.9077 54.0 82 4.07 8 18
  19.0    4.0   19.0   0.15  -1.34   0.37  -0.51   0.55  -0.69 53.1 -90.5430 36.9077 53.1 81 4.08 8 19
  20.0    4.0   20.0   0.19  -1.39   0.36  -0.53   0.58  -0.71 52.2 -90.5430 36.9077 52.2 80 4.09 8 20
  21.0    4.0   21.0   0.22  -1.43   0.34  -0.62   0.70  -0.72 51.0 -90.5430 36.9077 51.0 71 4.12 8 21
  22.0    4.0   22.0   0.26  -1.47   0.32  -0.65   0.74  -0.72 49.8 -90.5430 36.9077 49.8 70 4.13 8 22
  23.0    4.0   23.0   0.32  -1.49   0.32  -0.68   0.78  -0.73 48.5 -90.5430 36.9077 48.5 69 4.14 8 23
  24.0    4.0   24.0   0.41  -1.48   0.34  -0.70   0.81  -0.73 47.1 -90.5430 36.9077 47.1 69 4.14 8 24
  25.0    4.0   25.0   0.52  -1.47   0.37  -0.73   0.84  -0.73 45.7 -90.5430 36.9077 45.7 70 4.14 8 25
   1.0    3.0    1.0   0.33   0.17   0.43  -0.99   1.01  -0.12 28.0 -90.5430 36.9077 28.0 68 4.11 7 1
   2.0    3.0    2.0   0.61   0.19   0.57  -0.60   0.62  -0.17 25.9 -90.5430 36.9077 25.9 38 4.05 7 2
   3.0    3.0    3.0   0.66   0.12   0.62  -0.40   0.42  -0.21 26.3 -90.5430 36.9077 26.3 29 4.00 7 3
   4.0    3.0    4.0   0.66   0.05   0.62  -0.32   0.34  -0.23 26.5 -90.5430 36.9077 26.5 37 3.97 7 4
   5.0    3.0    5.0   0.65  -0.02   0.59  -0.29   0.30  -0.22 26.3 -90.5430 36.9077 26.3 44 3.95 7 5
   6.0    3.0    6.0   6.15  -0.82   5.36  -2.66   2.81  -2.06 25.7 -90.5430 36.9077 25.7 50 3.93 7 6
   7.0    3.0    7.0   5.76  -1.43   4.68  -2.55   2.71  -1.85 25.0 -90.5430 36.9077 25.0 54 3.90 7 7
   8.0    3.0    8.0   5.35  -2.04   3.96  -2.50   2.67  -1.66 24.4 -90.5430 36.9077 24.4 58 3.88 7 8
   9.0    3.0    9.0   4.96  -2.67   3.25  -2.48   2.67  -1.52 23.9 -90.5430 36.9077 23.9 62 3.86 7 9
  10.0    3.0   10.0   4.64  -3.29   2.58  -2.48   2.70  -1.42 23.4 -90.5430 36.9077 23.4 66 3.84 7 10
  11.0    3.0   11.0   4.55  -4.11   1.64  -2.84   3.14  -1.25 22.5 -90.5430 36.9077 22.5 63 3.85 7 11
  12.0    3.0   12.0   3.81  -5.12   0.52  -2.88   3.24  -1.10 21.8 -90.5430 36.9077 21.8 64 3.84 7 12
  13.0    3.0   13.0   3.11  -6.07  -0.53  -2.94   3.37  -0.99 21.1 -90.5430 36.9077 21.1 54 3.88 7 13
  14.0    3.0   14.0   2.47  -6.97  -1.51  -3.00   3.53  -0.90 20.4 -90.5430 36.9077 20.4 47 3.92 7 14
  15.0    3.0   15.0   0.20  -0.78  -0.24  -0.31   0.37  -0.08 19.7 -90.5430 36.9077 19.7 42 3.95 7 15
  16.0    3.0   16.0   0.16  -0.84  -0.31  -0.32   0.39  -0.08 19.1 -90.5430 36.9077 19.1 37 3.97 7 16
  17.0    3.0   17.0   0.14  -0.90  -0.37  -0.32   0.41  -0.08 18.4 -90.5430 36.9077 18.4 34 3.99 7 17
  18.0    3.0   18.0   0.14  -0.94  -0.41  -0.33   0.43  -0.08 17.7 -90.5430 36.9077 17.7 32 4.00 7 18
  19.0    3.0   19.0   0.17  -0.95  -0.43  -0.33   0.46  -0.08 17.1 -90.5430 36.9077 17.1 30 4.01 7 19
  20.0    3.0   20.0   0.23  -0.95  -0.43  -0.34   0.48  -0.09 16.4 -90.5430 36.9077 16.4 28 4.02 7 20
  21.0    3.0   21.0   0.27  -0.98  -0.46  -0.37   0.56  -0.09 15.5 -90.5430 36.9077 15.5 25 4.04 7 21
  22.0    3.0   22.0   0.32  -0.99  -0.48  -0.36   0.57  -0.09 14.6 -90.5430 36.9077 14.6 23 4.05 7 22
  23.0    3.0   23.0   0.39  -0.98  -0.47  -0.34   0.58  -0.09 13.8 -90.5430 36.9077 13.8 22 4.05 7 23
  24.0    3.0   24.0   0.48  -0.95  -0.44  -0.32   0.59  -0.09 13.0 -90.5430 36.9077 13.0 21 4.04 7 24
  25.0    3.0   25.0   0.61  -0.91  -0.39  -0.30   0.59  -0.10 12.3 -90.5430 36.9077 12.3 22 4.03 7 25
   1.0    2.0    1.0   1.19   0.35   0.43  -0.39   0.46  -0.12 10.2 -90.5430 36.9077 10.2 8 4.06 6 1
   2.0    2.0    2.0   1.12   0.31   0.33  -0.16   0.21  -0.08 7.0 -90.5430 36.9077 7.0 6 3.99 6 2
   3.0    2.0    3.0   8.32   2.13   1.41  -0.91   1.28  -0.01 6.3 -90.5430 36.9077 6.3 10 3.90 6 3
   4.0    2.0    4.0   6.49   1.79  -0.17  -0.67   0.99   0.99 7.1 -90.5430 36.9077 7.1 44 3.82 6 4
   5.0    2.0    5.0   5.30   1.72  -1.43  -0.57   0.87   1.93 8.9 -90.5430 36.9077 8.9 45 3.80 6 5
   6.0    2.0    6.0   4.49   1.72  -2.39  -0.53   0.83   2.68 11.0 -90.5430 36.9077 11.0 25 3.81 6 6
   7.0    2.0    7.0   3.94   1.73  -3.12  -0.52   0.83   3.23 12.9 -90.5430 36.9077 12.9 11 3.81 6 7
   8.0    2.0    8.0   3.56   1.73  -3.74  -0.52   0.85   3.66 14.6 -90.5430 36.9077 14.6 3 3.82 6 8
   9.0    2.0    9.0   3.29   1.71  -4.30  -0.54   0.88   4.02 15.9 -90.5430 36.9077 15.9 5 3.83 6 9
  10.0    2.0   10.0   3.15   1.74  -4.82  -0.56   0.92   4.35 16.8 -90.5430 36.9077 16.8 9 3.84 6 10
  11.0    2.0   11.0   3.17   1.60  -5.44  -0.60   1.07   4.66 17.9 -90.5430 36.9077 17.9 8 3.87 6 11
  12.0    2.0   12.0   2.79   1.29  -6.19  -0.57   1.11   4.93 18.8 -90.5430 36.9077 18.8 9 3.90 6 12
  13.0    2.0   13.0   2.42   0.98  -6.93  -0.54   1.15   5.18 19.5 -90.5430 36.9077 19.5 10 3.93 6 13
  14.0    2.0   14.0   0.21   0.07  -0.77  -0.05   0.12   0.54 20.0 -90.5430 36.9077 20.0 11 3.95 6 14
  15.0    2.0   15.0   0.18   0.04  -0.84  -0.05   0.13   0.56 20.4 -90.5430 36.9077 20.4 11 3.97 6 15
  16.0    2.0   16.0   0.16   0.02  -0.90  -0.04   0.13   0.58 20.5 -90.5430 36.9077 20.5 11 3.99 6 16
  17.0    2.0   17.0   0.15   0.00  -0.96  -0.03   0.14   0.60 20.6 -90.5430 36.9077 20.6 11 4.00 6 17
  18.0    2.0   18.0   0.16  -0.00  -1.01  -0.02   0.14   0.62 20.4 -90.5430 36.9077 20.4 11 4.02 6 18
  19.0    2.0   19.0   0.18   0.01  -1.04  -0.01   0.15   0.64 20.1 -90.5430 36.9077 20.1 11 4.02 6 19
  20.0    2.0   20.0   0.23   0.04  -1.05  -0.00   0.15   0.65 19.6 -90.5430 36.9077 19.6 12 4.03 6 20
  21.0    2.0   21.0   0.27   0.04  -1.09   0.03   0.16   0.66 19.4 -90.5430 36.9077 19.4 15 4.03 6 21
  22.0    2.0   22.0   0.30   0.05  -1.11   0.08   0.15   0.67 19.1 -90.5430 36.9077 19.1 19 4.04 6 22
  23.0    2.0   23.0   0.35   0.07  -1.11   0.13   0.13   0.67 18.8 -90.5430 36.9077 18.8 24 4.04 6 23
  24.0    2.0   24.0   0.43   0.11  -1.09   0.18   0.11   0.67 18.5 -90.5430 36.9077 18.5 30 4.03 6 24
  25.0    2.0   25.0   0.52   0.16  -1.05   0.25   0.08   0.67 18.2 -90.5430 36.9077 18.2 38 4.02 6 25
   1.0    1.0    1.0   1.03   0.29   0.13   0.49  -0.38  -0.06 5.0 -90.5430 36.9077 5.0 16 4.03 5 1
   2.0    1.0    2.0   0.80   0.27  -0.10   0.40  -0.33   0.05 8.8 -90.5430 36.9077 8.8 41 3.96 5 2
   3.0    1.0    3.0   4.58   2.43  -3.90   2.99  -2.50   2.10 15.8 -90.5430 36.9077 15.8 62 3.86 5 3
   4.0    1.0    4.0   2.43   2.91  -6.15   2.52  -2.11   3.85 25.7 -90.5430 36.9077 25.7 40 3.88 5 4
   5.0    1.0    5.0   0.12   0.37  -0.76   0.22  -0.19   0.53 35.9 -90.5430 36.9077 35.9 47 3.95 5 5
   6.0    1.0    6.0   0.06   0.44  -0.85   0.21  -0.17   0.63 44.4 -90.5430 36.9077 44.4 56 3.98 5 6
   7.0    1.0    7.0   0.03   0.52  -0.88   0.20  -0.16   0.70 50.7 -90.5430 36.9077 50.7 64 3.99 5 7
   8.0    1.0    8.0   0.02   0.58  -0.90   0.19  -0.15   0.74 55.2 -90.5430 36.9077 55.2 69 4.00 5 8
   9.0    1.0    9.0   0.03   0.65  -0.92   0.19  -0.15   0.78 58.4 -90.5430 36.9077 58.4 73 4.01 5 9
  10.0    1.0   10.0   0.05   0.71  -0.93   0.18  -0.15   0.83 60.5 -90.5430 36.9077 60.5 77 4.01 5 10
  11.0    1.0   11.0   0.07   0.77  -0.93   0.22  -0.17   0.86 63.2 -90.5430 36.9077 63.2 79 4.02 5 11
  12.0    1.0   12.0   0.09   0.82  -0.94   0.22  -0.17   0.89 65.1 -90.5430 36.9077 65.1 81 4.02 5 12
  13.0    1.0   13.0   0.10   0.87  -0.96   0.23  -0.18   0.92 66.6 -90.5430 36.9077 66.6 82 4.03 5 13
  14.0    1.0   14.0   0.11   0.90  -0.98   0.25  -0.19   0.95 67.6 -90.5430 36.9077 67.6 81 4.04 5 14
  15.0    1.0   15.0   0.12   0.93  -1.01   0.26  -0.20   0.98 68.3 -90.5430 36.9077 68.3 81 4.05 5 15
  16.0    1.0   16.0   0.13   0.95  -1.05   0.28  -0.21   1.01 68.7 -90.5430 36.9077 68.7 80 4.06 5 16
  17.0    1.0   17.0   0.13   0.97  -1.09   0.30  -0.22   1.04 68.7 -90.5430 36.9077 68.7 80 4.07 5 17
  18.0    1.0   18.0   0.13   0.99  -1.14   0.32  -0.24   1.07 68.5 -90.5430 36.9077 68.5 79 4.08 5 18
  19.0    1.0   19.0   0.12   1.01  -1.19   0.34  -0.25   1.10 67.8 -90.5430 36.9077 67.8 78 4.09 5 19
  20.0    1.0   20.0   0.13   1.03  -1.24   0.36  -0.27   1.13 66.8 -90.5430 36.9077 66.8 77 4.10 5 20
  21.0    1.0   21.0   0.14   1.04  -1.27   0.45  -0.33   1.15 66.2 -90.5430 36.9077 66.2 74 4.12 5 21
  22.0    1.0   22.0   0.14   1.06  -1.30   0.50  -0.37   1.16 65.5 -90.5430 36.9077 65.5 74 4.12 5 22
  23.0    1.0   23.0   0.15   1.08  -1.32   0.56  -0.40   1.17 64.6 -90.5430 36.9077 64.6 73 4.13 5 23
  24.0    1.0   24.0   0.17   1.11  -1.33   0.62  -0.44   1.18 63.5 -90.5430 36.9077 63.5 73 4.14 5 24
  25.0    1.0   25.0   0.19   1.14  -1.32   0.69  -0.48   1.18 62.3 -90.5430 36.9077 62.3 73 4.14 5 25
   1.0   -0.0    1.0   0.21   0.06  -0.25   1.16  -1.04   0.02 25.5 -90.5430 36.9077 25.5 88 4.08 4 1
   2.0   -0.0    2.0  -0.00   0.09  -0.48   0.78  -0.72   0.14 31.3 -90.5430 36.9077 31.3 81 4.01 4 2
   3.0   -0.0    3.0  -0.19   0.16  -0.72   0.55  -0.51   0.30 41.2 -90.5430 36.9077 41.2 50 4.00 4 3
   4.0   -0.0    4.0  -0.31   0.27  -0.89   0.45  -0.42   0.46 52.9 -90.5430 36.9077 52.9 50 4.02 4 4
   5.0   -0.0    5.0  -0.37   0.39  -0.99   0.40  -0.38   0.58 63.4 -90.5430 36.9077 63.4 61 4.04 4 5
   6.0   -0.0    6.0  -0.38   0.50  -1.01   0.38  -0.35   0.66 71.2 -90.5430 36.9077 71.2 70 4.05 4 6
   7.0   -0.0    7.0  -0.36   0.61  -1.00   0.36  -0.33   0.71 76.4 -90.5430 36.9077 76.4 78 4.04 4 7
   8.0   -0.0    8.0  -0.33   0.71  -0.97   0.35  -0.33   0.74 79.9 -90.5430 36.9077 79.9 86 4.04 4 8
   9.0   -0.0    9.0  -0.29   0.81  -0.94   0.35  -0.32   0.77 82.1 -90.5430 36.9077 82.1 88 4.04 4 9
  10.0   -0.0   10.0  -0.25   0.91  -0.92   0.35  -0.32   0.81 83.6 -90.5430 36.9077 83.6 89 4.04 4 10
  11.0   -0.0   11.0  -0.22   1.01  -0.86   0.40  -0.37   0.83 85.0 -90.5430 36.9077 85.0 95 4.04 4 11
  12.0   -0.0   12.0  -0.16   1.12  -0.81   0.41  -0.39   0.85 85.9 -90.5430 36.9077 85.9 93 4.05 4 12
  13.0   -0.0   13.0  -0.10   1.21  -0.76   0.42  -0.40   0.87 86.3 -90.5430 36.9077 86.3 89 4.07 4 13
  14.0   -0.0   14.0  -0.06   1.29  -0.73   0.44  -0.42   0.90 86.5 -90.5430 36.9077 86.5 88 4.09 4 14
  15.0   -0.0   15.0  -0.02   1.35  -0.72   0.46  -0.44   0.92 86.4 -90.5430 36.9077 86.4 87 4.10 4 15
  16.0   -0.0   16.0  -0.00   1.40  -0.72   0.48  -0.47   0.95 86.1 -90.5430 36.9077 86.1 87 4.11 4 16
  17.0   -0.0   17.0   0.00   1.44  -0.73   0.50  -0.50   0.98 85.5 -90.5430 36.9077 85.5 86 4.12 4 17
  18.0   -0.0   18.0  -0.01   1.46  -0.77   0.53  -0.52   1.02 84.7 -90.5430 36.9077 84.7 85 4.13 4 18
  19.0   -0.0   19.0  -0.04   1.47  -0.82   0.55  -0.56   1.05 83.6 -90.5430 36.9077 83.6 85 4.13 4 19
  20.0   -0.0   20.0  -0.09   1.47  -0.89   0.58  -0.59   1.08 82.3 -90.5430 36.9077 82.3 86 4.14 4 20
  21.0   -0.0   21.0  -0.12   1.48  -0.92   0.68  -0.70   1.10 80.9 -90.5430 36.9077 80.9 80 4.16 4 21
  22.0   -0.0   22.0  -0.15   1.49  -0.95   0.72  -0.74   1.12 79.2 -90.5430 36.9077 79.2 79 4.16 4 22
  23.0   -0.0   23.0  -0.19   1.49  -0.98   0.77  -0.79   1.14 77.4 -90.5430 36.9077 77.4 78 4.17 4 23
  24.0   -0.0   24.0  -0.24   1.49  -1.01   0.81  -0.83   1.15 75.5 -90.5430 36.9077 75.5 78 4.17 4 24
  25.0   -0.0   25.0  -0.30   1.47  -1.05   0.86  -0.86   1.15 73.3 -90.5430 36.9077 73.3 79 4.17 4 25
   1.0   -1.0    1.0  -0.46  -0.16  -0.47   1.23  -1.17   0.09 35.5 -90.5430 36.9077 35.5 71 4.16 3 1
   2.0   -1.0    2.0  -0.66  -0.13  -0.62   0.77  -0.74   0.15 34.9 -90.5430 36.9077 34.9 46 4.09 3 2
   3.0   -1.0    3.0  -0.67  -0.04  -0.71   0.53  -0.52   0.23 38.0 -90.5430 36.9077 38.0 37 4.04 3 3
   4.0   -1.0    4.0  -0.67   0.06  -0.76   0.43  -0.42   0.30 41.4 -90.5430 36.9077 41.4 44 4.02 3 4
   5.0   -1.0    5.0  -0.66   0.16  -0.77   0.38  -0.38   0.34 43.8 -90.5430 36.9077 43.8 53 4.01 3 5
   6.0   -1.0    6.0  -0.63   0.24  -0.74   0.36  -0.36   0.36 45.4 -90.5430 36.9077 45.4 61 3.99 3 6
   7.0   -1.0    7.0  -0.59   0.33  -0.69   0.35  -0.34   0.36 46.2 -90.5430 36.9077 46.2 68 3.98 3 7
   8.0   -1.0    8.0  -0.55   0.41  -0.63   0.34  -0.34   0.37 46.7 -90.5430 36.9077 46.7 75 3.96 3 8
   9.0   -1.0    9.0  -0.51   0.49  -0.57   0.34  -0.34   0.37 47.1 -90.5430 36.9077 47.1 81 3.95 3 9
  10.0   -1.0   10.0  -0.48   0.58  -0.52   0.34  -0.34   0.39 47.4 -90.5430 36.9077 47.4 84 3.94 3 10
  11.0   -1.0   11.0  -0.47   0.67  -0.45   0.40  -0.40   0.39 47.1 -90.5430 36.9077 47.1 87 3.95 3 11
  12.0   -1.0   12.0  -3.97   7.73  -3.61   4.07  -4.19   3.96 46.8 -90.5430 36.9077 46.8 92 3.93 3 12
  13.0   -1.0   13.0  -0.33   0.87  -0.28   0.42  -0.44   0.40 46.4 -90.5430 36.9077 46.4 84 3.97 3 13
  14.0   -1.0   14.0  -0.28   0.96  -0.21   0.44  -0.46   0.41 45.9 -90.5430 36.9077 45.9 77 3.99 3 14
  15.0   -1.0   15.0  -0.24   1.03  -0.15   0.45  -0.49   0.42 45.4 -90.5430 36.9077 45.4 71 4.02 3 15
  16.0   -1.0   16.0  -0.21   1.09  -0.11   0.47  -0.52   0.44 44.9 -90.5430 36.9077 44.9 67 4.03 3 16
  17.0   -1.0   17.0  -0.20   1.13  -0.09   0.49  -0.55   0.46 44.2 -90.5430 36.9077 44.2 64 4.05 3 17
  18.0   -1.0   18.0  -0.22   1.15  -0.09   0.51  -0.59   0.48 43.5 -90.5430 36.9077 43.5 62 4.06 3 18
  19.0   -1.0   19.0  -0.26   1.15  -0.11   0.53  -0.62   0.50 42.8 -90.5430 36.9077 42.8 61 4.07 3 19
  20.0   -1.0   20.0  -0.34   1.13  -0.16   0.55  -0.66   0.52 42.0 -90.5430 36.9077 42.0 61 4.07 3 20
  21.0   -1.0   21.0  -0.41   1.13  -0.18   0.64  -0.78   0.54 40.6 -90.5430 36.9077 40.6 53 4.09 3 21
  22.0   -1.0   22.0  -0.47   1.13  -0.20   0.65  -0.82   0.55 39.2 -90.5430 36.9077 39.2 52 4.10 3 22
  23.0   -1.0   23.0  -0.55   1.11  -0.23   0.67  -0.86   0.56 37.7 -90.5430 36.9077 37.7 51 4.10 3 23
  24.0   -1.0   24.0  -0.65   1.07  -0.28   0.68  -0.90   0.57 36.2 -90.5430 36.9077 36.2 52 4.10 3 24
  25.0   -1.0   25.0  -0.77   1.02  -0.34   0.70  -0.92   0.58 34.6 -90.5430 36.9077 34.6 51 4.11 3 25
   1.0   -2.0    1.0  -0.41  -0.22  -0.39   0.64  -0.69   0.11 16.7 -90.5430 36.9077 16.7 54 4.03 2 1
   2.0   -2.0    2.0  -0.67  -0.28  -0.45   0.35  -0.39   0.09 13.2 -90.5430 36.9077 13.2 23 3.96 2 2
   3.0   -2.0    3.0  -6.66  -2.57  -4.01   2.30  -2.62   0.46 12.0 -90.5430 36.9077 12.0 18 3.91 2 3
   4.0   -2.0    4.0  -6.40  -2.47  -3.38   1.88  -2.15  -0.13 11.7 -90.5430 36.9077 11.7 24 3.87 2 4
   5.0   -2.0    5.0  -6.17  -2.43  -2.74   1.70  -1.96  -0.72 12.0 -90.5430 36.9077 12.0 36 3.85 2 5
   6.0   -2.0    6.0  -5.97  -2.37  -2.17   1.64  -1.88  -1.20 12.5 -90.5430 36.9077 12.5 49 3.83 2 6
   7.0   -2.0    7.0  -5.79  -2.25  -1.65   1.63  -1.87  -1.55 13.2 -90.5430 36.9077 13.2 46 3.84 2 7
   8.0   -2.0    8.0  -5.62  -2.06  -1.15   1.65  -1.91  -1.81 13.7 -90.5430 36.9077 13.7 44 3.84 2 8
   9.0   -2.0    9.0  -5.45  -1.78  -0.64   1.69  -1.96  -1.99 14.2 -90.5430 36.9077 14.2 44 3.83 2 9
  10.0   -2.0   10.0  -5.30  -1.45  -0.11   1.74  -2.03  -2.12 14.5 -90.5430 36.9077 14.5 47 3.83 2 10
  11.0   -2.0   11.0  -5.69  -1.10   0.45   2.03  -2.43  -2.27 14.8 -90.5430 36.9077 14.8 55 3.85 2 11
  12.0   -2.0   12.0  -5.30  -0.49   1.27   2.10  -2.56  -2.40 14.9 -90.5430 36.9077 14.9 61 3.84 2 12
  13.0   -2.0   13.0  -4.91   0.14   2.09   2.19  -2.73  -2.50 15.0 -90.5430 36.9077 15.0 67 3.83 2 13
  14.0   -2.0   14.0  -4.53   0.75   2.90   2.28  -2.93  -2.58 15.1 -90.5430 36.9077 15.1 75 3.81 2 14
  15.0   -2.0   15.0  -4.23   1.31   3.67   2.39  -3.15  -2.65 15.1 -90.5430 36.9077 15.1 77 3.83 2 15
  16.0   -2.0   16.0  -4.02   1.79   4.36   2.50  -3.40  -2.71 15.1 -90.5430 36.9077 15.1 74 3.86 2 16
  17.0   -2.0   17.0  -3.94   2.16   4.96   2.62  -3.68  -2.75 15.0 -90.5430 36.9077 15.0 73 3.88 2 17
  18.0   -2.0   18.0  -4.03   2.40   5.44   2.73  -3.97  -2.78 14.9 -90.5430 36.9077 14.9 74 3.90 2 18
  19.0   -2.0   19.0  -4.34   2.49   5.77   2.84  -4.26  -2.78 14.7 -90.5430 36.9077 14.7 77 3.91 2 19
  20.0   -2.0   20.0  -4.93   2.36   5.86   2.94  -4.55  -2.76 14.5 -90.5430 36.9077 14.5 83 3.92 2 20
  21.0   -2.0   21.0  -0.59   0.23   0.60   0.33  -0.54  -0.27 14.0 -90.5430 36.9077 14.0 91 3.94 2 21
  22.0   -2.0   22.0  -0.65   0.23   0.61   0.32  -0.57  -0.27 13.5 -90.5430 36.9077 13.5 90 3.95 2 22
  23.0   -2.0   23.0  -0.74   0.20   0.60   0.31  -0.60  -0.27 13.0 -90.5430 36.9077 13.0 90 3.95 2 23
  24.0   -2.0   24.0  -0.85   0.15   0.56   0.30  -0.62  -0.27 12.5 -90.5430 36.9077 12.5 84 3.97 2 24
  25.0   -2.0   25.0  -0.98   0.07   0.50   0.28  -0.63  -0.26 12.0 -90.5430 36.9077 12.0 75 4.00 2 25
   1.0   -3.0    1.0   3.27  -1.02  -0.64  -2.47   1.00   0.84 3.4 -90.5430 36.9077 3.4 62 3.70 1 1
   2.0   -3.0    2.0  -0.75  -2.68  -0.78  -2.21   1.36   0.01 4.0 -90.5430 36.9077 4.0 60 3.69 1 2
   3.0   -3.0    3.0  -2.09  -3.78   0.16  -1.63   1.04  -1.29 7.0 -90.5430 36.9077 7.0 54 3.74 1 3
   4.0   -3.0    4.0  -2.42  -4.83   1.28  -1.33   0.85  -2.76 12.4 -90.5430 36.9077 12.4 55 3.82 1 4
   5.0   -3.0    5.0  -2.65  -5.83   2.10  -1.15   0.71  -4.00 18.6 -90.5430 36.9077 18.6 60 3.88 1 5
   6.0   -3.0    6.0  -2.94  -6.68   2.57  -1.01   0.59  -4.89 24.1 -90.5430 36.9077 24.1 62 3.92 1 6
   7.0   -3.0    7.0  -0.33  -0.74   0.28  -0.09   0.05  -0.55 28.2 -90.5430 36.9077 28.2 63 3.95 1 7
   8.0   -3.0    8.0  -0.35  -0.79   0.30  -0.08   0.04  -0.59 31.1 -90.5430 36.9077 31.1 62 3.97 1 8
   9.0   -3.0    9.0  -0.38  -0.83   0.32  -0.07   0.03  -0.63 33.1 -90.5430 36.9077 33.1 62 3.99 1 9
  10.0   -3.0   10.0  -0.39  -0.86   0.35  -0.07   0.02  -0.66 34.3 -90.5430 36.9077 34.3 61 4.00 1 10
  11.0   -3.0   11.0  -0.47  -0.89   0.37  -0.08   0.02  -0.69 35.9 -90.5430 36.9077 35.9 55 4.02 1 11
  12.0   -3.0   12.0  -0.49  -0.90   0.41  -0.07   0.01  -0.71 37.1 -90.5430 36.9077 37.1 53 4.03 1 12
  13.0   -3.0   13.0  -0.49  -0.89   0.46  -0.07   0.01  -0.74 38.0 -90.5430 36.9077 38.0 52 4.03 1 13
  14.0   -3.0   14.0  -0.49  -0.87   0.53  -0.07  -0.00  -0.76 38.6 -90.5430 36.9077 38.6 52 4.04 1 14
  15.0   -3.0   15.0  -0.48  -0.85   0.60  -0.07  -0.01  -0.78 39.0 -90.5430 36.9077 39.0 51 4.04 1 15
  16.0   -3.0   16.0  -0.47  -0.82   0.68  -0.07  -0.02  -0.81 39.2 -90.5430 36.9077 39.2 50 4.04 1 16
  17.0   -3.0   17.0  -0.46  -0.79   0.76  -0.07  -0.03  -0.83 39.3 -90.5430 36.9077 39.3 49 4.04 1 17
  18.0   -3.0   18.0  -0.45  -0.76   0.84  -0.07  -0.05  -0.86 39.2 -90.5430 36.9077 39.2 48 4.05 1 18
  19.0   -3.0   19.0  -0.45  -0.74   0.93  -0.07  -0.06  -0.88 38.8 -90.5430 36.9077 38.8 47 4.05 1 19
  20.0   -3.0   20.0  -0.46  -0.71   1.01  -0.07  -0.07  -0.90 38.2 -90.5430 36.9077 38.2 44 4.05 1 20
  21.0   -3.0   21.0  -0.53  -0.71   1.05  -0.09  -0.09  -0.91 37.9 -90.5430 36.9077 37.9 39 4.07 1 21
  22.0   -3.0   22.0  -0.57  -0.71   1.09  -0.11  -0.10  -0.92 37.5 -90.5430 36.9077 37.5 37 4.08 1 22
  23.0   -3.0   23.0  -0.63  -0.73   1.11  -0.14  -0.11  -0.93 37.0 -90.5430 36.9077 37.0 35 4.09 1 23
  24.0   -3.0   24.0  -0.72  -0.77   1.10  -0.16  -0.12  -0.94 36.5 -90.5430 36.9077 36.5 34 4.10 1 24
  25.0   -3.0   25.0  -0.81  -0.83   1.07  -0.19  -0.12  -0.94 35.8 -90.5430 36.9077 35.8 33 4.11 1 25
   1.0   -4.0    1.0   1.10   0.10   0.30  -0.93   0.79   0.03 14.8 -90.5430 36.9077 14.8 49 4.13 0 1
   2.0   -4.0    2.0   0.66  -0.12   0.29  -0.63   0.56  -0.06 17.6 -90.5430 36.9077 17.6 49 4.01 0 2
   3.0   -4.0    3.0   3.81  -3.21   3.52  -4.40   3.92  -2.05 23.9 -90.5430 36.9077 23.9 59 3.92 0 3
   4.0   -4.0    4.0   2.71  -4.92   4.40  -3.61   3.23  -3.59 32.5 -90.5430 36.9077 32.5 81 3.90 0 4
   5.0   -4.0    5.0   1.94  -6.48   4.92  -3.19   2.84  -4.84 41.1 -90.5430 36.9077 41.1 96 3.90 0 5
   6.0   -4.0    6.0   0.12  -0.78   0.50  -0.29   0.26  -0.57 48.0 -90.5430 36.9077 48.0 87 3.95 0 6
   7.0   -4.0    7.0   0.05  -0.90   0.49  -0.28   0.25  -0.63 53.0 -90.5430 36.9077 53.0 79 3.98 0 7
   8.0   -4.0    8.0  -0.02  -1.00   0.47  -0.27   0.24  -0.67 56.5 -90.5430 36.9077 56.5 75 4.01 0 8
   9.0   -4.0    9.0  -0.07  -1.08   0.45  -0.26   0.23  -0.71 58.9 -90.5430 36.9077 58.9 72 4.03 0 9
  10.0   -4.0   10.0  -0.10  -1.15   0.46  -0.26   0.23  -0.75 60.5 -90.5430 36.9077 60.5 71 4.05 0 10
  11.0   -4.0   11.0  -0.19  -1.24   0.43  -0.30   0.26  -0.78 62.3 -90.5430 36.9077 62.3 72 4.07 0 11
  12.0   -4.0   12.0  -0.25  -1.30   0.42  -0.30   0.26  -0.80 63.5 -90.5430 36.9077 63.5 72 4.08 0 12
  13.0   -4.0   13.0  -0.29  -1.34   0.42  -0.30   0.27  -0.83 64.3 -90.5430 36.9077 64.3 73 4.09 0 13
  14.0   -4.0   14.0  -0.32  -1.37   0.45  -0.31   0.27  -0.86 64.8 -90.5430 36.9077 64.8 75 4.10 0 14
  15.0   -4.0   15.0  -0.33  -1.38   0.49  -0.32   0.28  -0.89 65.0 -90.5430 36.9077 65.0 76 4.10 0 15
  16.0   -4.0   16.0  -0.33  -1.38   0.54  -0.33   0.29  -0.92 64.9 -90.5430 36.9077 64.9 75 4.11 0 16
  17.0   -4.0   17.0  -0.32  -1.37   0.61  -0.34   0.30  -0.96 64.6 -90.5430 36.9077 64.6 75 4.11 0 17
  18.0   -4.0   18.0  -0.30  -1.34   0.70  -0.35   0.30  -0.99 64.0 -90.5430 36.9077 64.0 75 4.11 0 18
  19.0   -4.0   19.0  -0.26  -1.30   0.81  -0.36   0.31  -1.03 63.2 -90.5430 36.9077 63.2 76 4.11 0 19
  20.0   -4.0   20.0  -0.22  -1.23   0.93  -0.37   0.32  -1.06 62.0 -90.5430 36.9077 62.0 77 4.11 0 20
  21.0   -4.0   21.0  -0.24  -1.22   0.99  -0.44   0.37  -1.09 61.2 -90.5430 36.9077 61.2 73 4.12 0 21
  22.0   -4.0   22.0  -0.24  -1.21   1.05  -0.47   0.39  -1.11 60.1 -90.5430 36.9077 60.1 72 4.13 0 22
  23.0   -4.0   23.0  -0.25  -1.21   1.09  -0.49   0.40  -1.12 58.9 -90.5430 36.9077 58.9 71 4.13 0 23
  24.0   -4.0   24.0  -0.27  -1.21   1.12  -0.52   0.41  -1.13 57.5 -90.5430 36.9077 57.5 70 4.14 0 24
  25.0   -4.0   25.0  -0.29  -1.22   1.13  -0.55   0.42  -1.14 55.9 -90.5430 36.9077 55.9 69 4.14 0 25
   1.0   -5.0    1.0   1.21   0.22   0.46  -1.07   0.99  -0.02 23.8 -90.5430 36.9077 23.8 47 4.18 59 1
   2.0   -5.0    2.0   0.94   0.06   0.46  -0.68   0.65  -0.08 24.0 -90.5430 36.9077 24.0 38 4.08 59 2
   3.0   -5.0    3.0   0.69  -0.11   0.47  -0.47   0.45  -0.16 27.1 -90.5430 36.9077 27.1 41 3.99 59 3
   4.0   -5.0    4.0   0.58  -0.25   0.50  -0.39   0.37  -0.25 31.1 -90.5430 36.9077 31.1 55 3.96 59 4
   5.0   -5.0    5.0   4.95  -3.82   4.99  -3.48   3.34  -3.13 34.8 -90.5430 36.9077 34.8 71 3.93 59 5
   6.0   -5.0    6.0   4.20  -4.95   4.76  -3.26   3.13  -3.57 37.6 -90.5430 36.9077 37.6 86 3.91 59 6
   7.0   -5.0    7.0   3.50  -5.98   4.36  -3.15   3.02  -3.86 39.8 -90.5430 36.9077 39.8 87 3.90 59 7
   8.0   -5.0    8.0   2.87  -6.91   3.92  -3.10   2.97  -4.10 41.5 -90.5430 36.9077 41.5 90 3.90 59 8
   9.0   -5.0    9.0   2.34  -7.78   3.53  -3.08   2.96  -4.35 42.8 -90.5430 36.9077 42.8 82 3.93 59 9
  10.0   -5.0   10.0   0.20  -0.86   0.33  -0.31   0.30  -0.47 43.9 -90.5430 36.9077 43.9 76 3.95 59 10
  11.0   -5.0   11.0   0.14  -0.95   0.28  -0.36   0.35  -0.49 44.7 -90.5430 36.9077 44.7 79 3.98 59 11
  12.0   -5.0   12.0   0.08  -1.03   0.23  -0.36   0.36  -0.51 45.3 -90.5430 36.9077 45.3 76 4.00 59 12
  13.0   -5.0   13.0   0.02  -1.10   0.19  -0.38   0.37  -0.53 45.6 -90.5430 36.9077 45.6 75 4.02 59 13
  14.0   -5.0   14.0  -0.02  -1.16   0.17  -0.39   0.39  -0.55 45.8 -90.5430 36.9077 45.8 75 4.03 59 14
  15.0   -5.0   15.0  -0.05  -1.20   0.17  -0.40   0.41  -0.58 45.9 -90.5430 36.9077 45.9 74 4.05 59 15
  16.0   -5.0   16.0  -0.06  -1.22   0.18  -0.42   0.43  -0.61 45.7 -90.5430 36.9077 45.7 73 4.06 59 16
  17.0   -5.0   17.0  -0.05  -1.23   0.21  -0.44   0.46  -0.63 45.5 -90.5430 36.9077 45.5 72 4.06 59 17
  18.0   -5.0   18.0  -0.03  -1.21   0.26  -0.46   0.49  -0.66 45.1 -90.5430 36.9077 45.1 71 4.07 59 18
  19.0   -5.0   19.0   0.02  -1.18   0.34  -0.48   0.51  -0.70 44.5 -90.5430 36.9077 44.5 72 4.07 59 19
  20.0   -5.0   20.0   0.10  -1.11   0.44  -0.50   0.54  -0.73 43.8 -90.5430 36.9077 43.8 74 4.06 59 20
  21.0   -5.0   21.0   0.13  -1.09   0.49  -0.58   0.64  -0.75 42.9 -90.5430 36.9077 42.9 67 4.08 59 21
  22.0   -5.0   22.0   0.17  -1.07   0.54  -0.60   0.67  -0.77 41.8 -90.5430 36.9077 41.8 67 4.09 59 22
  23.0   -5.0   23.0   0.21  -1.04   0.59  -0.63   0.70  -0.79 40.6 -90.5430 36.9077 40.6 66 4.09 59 23
  24.0   -5.0   24.0   0.26  -1.01   0.64  -0.65   0.73  -0.80 39.3 -90.5430 36.9077 39.3 66 4.09 59 24
  25.0   -5.0   25.0   0.31  -0.98   0.69  -0.68   0.75  -0.81 37.8 -90.5430 36.9077 37.8 66 4.09 59 25
   1.0   -6.0    1.0   0.45   0.17   0.35  -0.65   0.68  -0.05 13.4 -90.5430 36.9077 13.4 57 4.02 58 1
   2.0   -6.0    2.0   0.57   0.18   0.40  -0.39   0.42  -0.05 11.8 -90.5430 36.9077 11.8 36 3.95 58 2
   3.0   -6.0    3.0   5.48   1.46   3.86  -2.69   2.89  -0.46 11.7 -90.5430 36.9077 11.7 30 3.89 58 3
   4.0   -6.0    4.0   5.34   1.12   3.64  -2.25   2.42  -0.33 11.8 -90.5430 36.9077 11.8 32 3.86 58 4
   5.0   -6.0    5.0   5.17   0.78   3.33  -2.06   2.21  -0.18 12.1 -90.5430 36.9077 12.1 35 3.84 58 5
   6.0   -6.0    6.0   4.96   0.43   2.99  -1.99   2.13  -0.07 12.4 -90.5430 36.9077 12.4 38 3.82 58 6
   7.0   -6.0    7.0   4.73   0.03   2.60  -1.98   2.11  -0.01 12.8 -90.5430 36.9077 12.8 40 3.81 58 7
   8.0   -6.0    8.0   4.49  -0.42   2.20  -2.00   2.14   0.00 13.2 -90.5430 36.9077 13.2 43 3.80 58 8
   9.0   -6.0    9.0   4.24  -0.95   1.77  -2.05   2.19  -0.04 13.6 -90.5430 36.9077 13.6 45 3.79 58 9
  10.0   -6.0   10.0   4.01  -1.55   1.34  -2.10   2.26  -0.14 14.1 -90.5430 36.9077 14.1 47 3.78 58 10
  11.0   -6.0   11.0   4.12  -2.11   0.86  -2.48   2.70  -0.18 14.3 -90.5430 36.9077 14.3 46 3.80 58 11
  12.0   -6.0   12.0   3.68  -2.83   0.22  -2.59   2.85  -0.24 14.5 -90.5430 36.9077 14.5 49 3.79 58 12
  13.0   -6.0   13.0   3.26  -3.50  -0.38  -2.72   3.04  -0.32 14.7 -90.5430 36.9077 14.7 48 3.79 58 13
  14.0   -6.0   14.0   2.90  -4.11  -0.93  -2.88   3.27  -0.41 14.9 -90.5430 36.9077 14.9 42 3.83 58 14
  15.0   -6.0   15.0   2.63  -4.63  -1.40  -3.05   3.52  -0.52 15.1 -90.5430 36.9077 15.1 37 3.86 58 15
  16.0   -6.0   16.0   2.47  -5.03  -1.76  -3.24   3.81  -0.64 15.2 -90.5430 36.9077 15.2 34 3.89 58 16
  17.0   -6.0   17.0   2.46  -5.31  -2.01  -3.44   4.12  -0.76 15.4 -90.5430 36.9077 15.4 31 3.91 58 17
  18.0   -6.0   18.0   2.61  -5.45  -2.11  -3.65   4.46  -0.90 15.5 -90.5430 36.9077 15.5 28 3.93 58 18
  19.0   -6.0   19.0   0.30  -0.54  -0.20  -0.39   0.48  -0.11 15.5 -90.5430 36.9077 15.5 26 3.94 58 19
  20.0   -6.0   20.0   0.36  -0.51  -0.17  -0.41   0.51  -0.12 15.6 -90.5430 36.9077 15.6 25 3.94 58 20
  21.0   -6.0   21.0   0.44  -0.50  -0.15  -0.48   0.62  -0.14 15.3 -90.5430 36.9077 15.3 25 3.97 58 21
  22.0   -6.0   22.0   0.49  -0.48  -0.13  -0.50   0.66  -0.15 14.9 -90.5430 36.9077 14.9 25 3.98 58 22
  23.0   -6.0   23.0   0.56  -0.44  -0.09  -0.52   0.70  -0.16 14.4 -90.5430 36.9077 14.4 24 3.98 58 23
  24.0   -6.0   24.0   0.65  -0.40  -0.05  -0.54   0.74  -0.17 13.9 -90.5430 36.9077 13.9 22 4.01 58 24
  25.0   -6.0   25.0   0.75  -0.34   0.01  -0.56   0.77  -0.18 13.4 -90.5430 36.9077 13.4 20 4.04 58 25
   1.0   -7.0    1.0  -7.61  -0.06   0.48   0.18   0.95  -0.72 3.2 -90.5430 36.9077 3.2 20 3.86 57 1
   2.0   -7.0    2.0  -2.44   1.86   1.67   0.36   0.26  -0.26 2.5 -90.5430 36.9077 2.5 16 3.61 57 2
   3.0   -7.0    3.0   0.67   3.21   1.93   0.24   0.18   0.49 2.9 -90.5430 36.9077 2.9 34 3.62 57 3
   4.0   -7.0    4.0   2.05   4.14   1.65   0.14   0.20   1.35 4.3 -90.5430 36.9077 4.3 21 3.72 57 4
   5.0   -7.0    5.0   2.87   4.87   1.35   0.05   0.25   2.10 6.1 -90.5430 36.9077 6.1 43 3.78 57 5
   6.0   -7.0    6.0   3.46   5.42   1.14  -0.04   0.32   2.63 7.8 -90.5430 36.9077 7.8 47 3.83 57 6
   7.0   -7.0    7.0   3.89   5.79   0.99  -0.12   0.40   2.97 9.0 -90.5430 36.9077 9.0 43 3.86 57 7
   8.0   -7.0    8.0   4.19   5.98   0.82  -0.20   0.48   3.20 9.9 -90.5430 36.9077 9.9 40 3.88 57 8
   9.0   -7.0    9.0   4.36   5.98   0.55  -0.28   0.57   3.37 10.4 -90.5430 36.9077 10.4 38 3.89 57 9
  10.0   -7.0   10.0   4.37   5.76   0.11  -0.36   0.65   3.50 10.7 -90.5430 36.9077 10.7 35 3.89 57 10
  11.0   -7.0   11.0   5.11   5.76  -0.11  -0.50   0.86   3.62 11.1 -90.5430 36.9077 11.1 25 3.91 57 11
  12.0   -7.0   12.0   5.09   5.45  -0.63  -0.60   1.00   3.73 11.5 -90.5430 36.9077 11.5 21 3.91 57 12
  13.0   -7.0   13.0   5.00   5.05  -1.23  -0.71   1.16   3.82 11.8 -90.5430 36.9077 11.8 18 3.91 57 13
  14.0   -7.0   14.0   4.85   4.61  -1.88  -0.83   1.34   3.90 12.1 -90.5430 36.9077 12.1 15 3.91 57 14
  15.0   -7.0   15.0   4.68   4.14  -2.57  -0.97   1.54   3.98 12.3 -90.5430 36.9077 12.3 12 3.90 57 15
  16.0   -7.0   16.0   4.53   3.68  -3.27  -1.12   1.78   4.05 12.5 -90.5430 36.9077 12.5 9 3.90 57 16
  17.0   -7.0   17.0   4.41   3.23  -3.97  -1.28   2.04   4.12 12.7 -90.5430 36.9077 12.7 7 3.90 57 17
  18.0   -7.0   18.0   4.36   2.82  -4.65  -1.45   2.32   4.19 12.9 -90.5430 36.9077 12.9 9 3.90 57 18
  19.0   -7.0   19.0   4.40   2.44  -5.31  -1.62   2.62   4.24 13.0 -90.5430 36.9077 13.0 13 3.90 57 19
  20.0   -7.0   20.0   4.57   2.10  -5.92  -1.78   2.91   4.28 13.0 -90.5430 36.9077 13.0 19 3.91 57 20
  21.0   -7.0   21.0   0.55   0.21  -0.61  -0.21   0.36   0.43 13.1 -90.5430 36.9077 13.1 29 3.94 57 21
  22.0   -7.0   22.0   0.60   0.22  -0.62  -0.23   0.40   0.43 13.1 -90.5430 36.9077 13.1 33 3.96 57 22
  23.0   -7.0   23.0   0.67   0.24  -0.62  -0.24   0.44   0.43 13.1 -90.5430 36.9077 13.1 37 3.98 57 23
  24.0   -7.0   24.0   0.76   0.28  -0.60  -0.26   0.48   0.43 13.0 -90.5430 36.9077 13.0 39 4.00 57 24
  25.0   -7.0   25.0   0.86   0.34  -0.55  -0.27   0.51   0.42 12.8 -90.5430 36.9077 12.8 41 4.02 57 25
   1.0   -8.0    1.0  -1.63  -0.19  -0.23   0.53  -0.41  -0.06 5.7 -90.5430 36.9077 5.7 20 4.12 56 1
   2.0   -8.0    2.0  -0.92   0.09  -0.07   0.35  -0.29  -0.00 5.7 -90.5430 36.9077 5.7 24 3.96 56 2
   3.0   -8.0    3.0  -4.10   3.27   0.02   2.40  -2.04   0.84 7.1 -90.5430 36.9077 7.1 56 3.77 56 3
   4.0   -8.0    4.0  -1.72   4.90  -0.01   1.93  -1.64   1.86 9.9 -90.5430 36.9077 9.9 77 3.78 56 4
   5.0   -8.0    5.0  -0.25   6.24  -0.06   1.67  -1.41   2.72 13.0 -90.5430 36.9077 13.0 52 3.85 56 5
   6.0   -8.0    6.0   0.86   7.31  -0.01   1.50  -1.26   3.35 15.7 -90.5430 36.9077 15.7 46 3.90 56 6
   7.0   -8.0    7.0   1.74   8.17   0.14   1.38  -1.14   3.78 17.8 -90.5430 36.9077 17.8 44 3.93 56 7
   8.0   -8.0    8.0   0.24   0.88   0.02   0.13  -0.11   0.41 19.2 -90.5430 36.9077 19.2 45 3.95 56 8
   9.0   -8.0    9.0   0.29   0.93   0.02   0.12  -0.10   0.44 20.1 -90.5430 36.9077 20.1 46 3.97 56 9
  10.0   -8.0   10.0   0.31   0.95  -0.01   0.12  -0.09   0.47 20.6 -90.5430 36.9077 20.6 49 3.98 56 10
  11.0   -8.0   11.0   0.41   0.99   0.00   0.13  -0.10   0.49 21.4 -90.5430 36.9077 21.4 55 3.99 56 11
  12.0   -8.0   12.0   0.45   1.01  -0.02   0.12  -0.09   0.51 22.0 -90.5430 36.9077 22.0 59 4.00 56 12
  13.0   -8.0   13.0   0.47   1.00  -0.06   0.12  -0.08   0.53 22.3 -90.5430 36.9077 22.3 60 4.00 56 13
  14.0   -8.0   14.0   0.48   0.99  -0.11   0.11  -0.08   0.55 22.6 -90.5430 36.9077 22.6 59 4.00 56 14
  15.0   -8.0   15.0   0.47   0.96  -0.17   0.10  -0.07   0.57 22.7 -90.5430 36.9077 22.7 57 4.00 56 15
  16.0   -8.0   16.0   0.46   0.92  -0.24   0.10  -0.06   0.59 22.8 -90.5430 36.9077 22.8 56 4.00 56 16
  17.0   -8.0   17.0   0.45   0.88  -0.33   0.09  -0.05   0.62 22.8 -90.5430 36.9077 22.8 55 4.00 56 17
  18.0   -8.0   18.0   0.43   0.83  -0.42   0.08  -0.04   0.64 22.7 -90.5430 36.9077 22.7 54 4.00 56 18
  19.0   -8.0   19.0   0.40   0.76  -0.53   0.08  -0.02   0.66 22.5 -90.5430 36.9077 22.5 53 4.00 56 19
  20.0   -8.0   20.0   0.37   0.68  -0.65   0.07  -0.01   0.68 22.2 -90.5430 36.9077 22.2 51 3.99 56 20
  21.0   -8.0   21.0   0.43   0.67  -0.69   0.07   0.01   0.69 22.1 -90.5430 36.9077 22.1 44 4.00 56 21
  22.0   -8.0   22.0   0.46   0.66  -0.74   0.07   0.03   0.70 21.9 -90.5430 36.9077 21.9 40 4.01 56 22
  23.0   -8.0   23.0   0.51   0.66  -0.77   0.06   0.05   0.71 21.7 -90.5430 36.9077 21.7 36 4.02 56 23
  24.0   -8.0   24.0   0.56   0.67  -0.78   0.06   0.08   0.72 21.3 -90.5430 36.9077 21.3 32 4.03 56 24
  25.0   -8.0   25.0   0.63   0.70  -0.77   0.06   0.10   0.72 20.9 -90.5430 36.9077 20.9 28 4.04 56 25
   1.0   -0.0    1.0   0.21   0.06  -0.25   1.16  -1.04   0.02 25.5 -90.5430 36.9077 25.5 88 4.08 4 1
   2.0   -0.0    2.0  -0.00   0.09  -0.48   0.78  -0.72   0.14 31.3 -90.5430 36.9077 31.3 81 4.01 4 2
   3.0   -0.0    3.0  -0.19   0.16  -0.72   0.55  -0.51   0.30 41.2 -90.5430 36.9077 41.2 50 4.00 4 3
   4.0   -0.0    4.0  -0.31   0.27  -0.89   0.45  -0.42   0.46 52.9 -90.5430 36.9077 52.9 50 4.02 4 4
   5.0   -0.0    5.0  -0.37   0.39  -0.99   0.40  -0.38   0.58 63.4 -90.5430 36.9077 63.4 61 4.04 4 5
   6.0   -0.0    6.0  -0.38   0.50  -1.01   0.38  -0.35   0.66 71.2 -90.5430 36.9077 71.2 70 4.05 4 6
   7.0   -0.0    7.0  -0.36   0.61  -1.00   0.36  -0.33   0.71 76.4 -90.5430 36.9077 76.4 78 4.04 4 7
   8.0   -0.0    8.0  -0.33   0.71  -0.97   0.35  -0.33   0.74 79.9 -90.5430 36.9077 79.9 86 4.04 4 8
   9.0   -0.0    9.0  -0.29   0.81  -0.94   0.35  -0.32   0.77 82.1 -90.5430 36.9077 82.1 88 4.04 4 9
  10.0   -0.0   10.0  -0.25   0.91  -0.92   0.35  -0.32   0.81 83.6 -90.5430 36.9077 83.6 89 4.04 4 10
  11.0   -0.0   11.0  -0.22   1.01  -0.86   0.40  -0.37   0.83 85.0 -90.5430 36.9077 85.0 95 4.04 4 11
  12.0   -0.0   12.0  -0.16   1.12  -0.81   0.41  -0.39   0.85 85.9 -90.5430 36.9077 85.9 93 4.05 4 12
  13.0   -0.0   13.0  -0.10   1.21  -0.76   0.42  -0.40   0.87 86.3 -90.5430 36.9077 86.3 89 4.07 4 13
  14.0   -0.0   14.0  -0.06   1.29  -0.73   0.44  -0.42   0.90 86.5 -90.5430 36.9077 86.5 88 4.09 4 14
  15.0   -0.0   15.0  -0.02   1.35  -0.72   0.46  -0.44   0.92 86.4 -90.5430 36.9077 86.4 87 4.10 4 15
  16.0   -0.0   16.0  -0.00   1.40  -0.72   0.48  -0.47   0.95 86.1 -90.5430 36.9077 86.1 87 4.11 4 16
  17.0   -0.0   17.0   0.00   1.44  -0.73   0.50  -0.50   0.98 85.5 -90.5430 36.9077 85.5 86 4.12 4 17
  18.0   -0.0   18.0  -0.01   1.46  -0.77   0.53  -0.52   1.02 84.7 -90.5430 36.9077 84.7 85 4.13 4 18
  19.0   -0.0   19.0  -0.04   1.47  -0.82   0.55  -0.56   1.05 83.6 -90.5430 36.9077 83.6 85 4.13 4 19
  20.0   -0.0   20.0  -0.09   1.47  -0.89   0.58  -0.59   1.08 82.3 -90.5430 36.9077 82.3 86 4.14 4 20
  21.0   -0.0   21.0  -0.12   1.48  -0.92   0.68  -0.70   1.10 80.9 -90.5430 36.9077 80.9 80 4.16 4 21
  22.0   -0.0   22.0  -0.15   1.49  -0.95   0.72  -0.74   1.12 79.2 -90.5430 36.9077 79.2 79 4.16 4 22
  23.0   -0.0   23.0  -0.19   1.49  -0.98   0.77  -0.79   1.14 77.4 -90.5430 36.9077 77.4 78 4.17 4 23
  24.0   -0.0   24.0  -0.24   1.49  -1.01   0.81  -0.83   1.15 75.5 -90.5430 36.9077 75.5 78 4.17 4 24
  25.0   -0.0   25.0  -0.30   1.47  -1.05   0.86  -0.86   1.15 73.3 -90.5430 36.9077 73.3 79 4.17 4 25
