   1.0    8.0    1.0  -1.57  -0.24  -0.36   0.59   0.02  -0.05 8.1 -84.8980 35.8767 8.1 20 4.10 43 1
   2.0    8.0    2.0  -8.30  -0.36  -1.65   3.86   0.31  -0.50 7.9 -84.8980 35.8767 7.9 29 3.93 43 2
   3.0    8.0    3.0  -4.52   0.83  -0.40   2.54   0.26  -0.50 7.1 -84.8980 35.8767 7.1 42 3.77 43 3
   4.0    8.0    4.0  -2.69   1.29   0.26   2.00   0.22  -0.44 6.5 -84.8980 35.8767 6.5 54 3.64 43 4
   5.0    8.0    5.0  -1.58   1.37   0.61   1.73   0.21  -0.35 6.0 -84.8980 35.8767 6.0 59 3.56 43 5
   6.0    8.0    6.0  -0.94   1.23   0.76   1.57   0.19  -0.24 5.5 -84.8980 35.8767 5.5 51 3.53 43 6
   7.0    8.0    7.0  -0.60   0.96   0.75   1.46   0.17  -0.15 5.1 -84.8980 35.8767 5.1 48 3.50 43 7
   8.0    8.0    8.0  -0.47   0.64   0.63   1.40   0.16  -0.07 4.8 -84.8980 35.8767 4.8 48 3.47 43 8
   9.0    8.0    9.0  -0.50   0.21   0.35   1.36   0.15  -0.01 4.6 -84.8980 35.8767 4.6 57 3.41 43 9
  10.0    8.0   10.0  -0.65  -0.33  -0.07   1.33   0.14   0.04 4.4 -84.8980 35.8767 4.4 52 3.44 43 10
  11.0    8.0   11.0  -1.04  -1.04  -0.63   1.51   0.15   0.10 4.2 -84.8980 35.8767 4.2 45 3.54 43 11
  12.0    8.0   12.0  -1.45  -1.76  -1.22   1.52   0.14   0.16 4.1 -84.8980 35.8767 4.1 39 3.60 43 12
  13.0    8.0   13.0  -1.92  -2.48  -1.84   1.54   0.13   0.20 4.0 -84.8980 35.8767 4.0 34 3.65 43 13
  14.0    8.0   14.0  -2.41  -3.17  -2.45   1.57   0.12   0.25 3.9 -84.8980 35.8767 3.9 31 3.70 43 14
  15.0    8.0   15.0  -2.89  -3.82  -3.03   1.60   0.11   0.29 3.8 -84.8980 35.8767 3.8 28 3.74 43 15
  16.0    8.0   16.0  -3.33  -4.41  -3.56   1.63   0.10   0.32 3.7 -84.8980 35.8767 3.7 27 3.77 43 16
  17.0    8.0   17.0  -3.73  -4.96  -4.06   1.66   0.09   0.36 3.6 -84.8980 35.8767 3.6 25 3.80 43 17
  18.0    8.0   18.0  -4.09  -5.47  -4.53   1.69   0.09   0.39 3.5 -84.8980 35.8767 3.5 25 3.82 43 18
  19.0    8.0   19.0  -4.39  -5.97  -5.00   1.72   0.08   0.43 3.4 -84.8980 35.8767 3.4 25 3.84 43 19
  20.0    8.0   20.0  -4.65  -6.47  -5.48   1.76   0.07   0.45 3.3 -84.8980 35.8767 3.3 25 3.86 43 20
  21.0    8.0   21.0  -5.88  -7.45  -6.41   2.05   0.05   0.49 3.3 -84.8980 35.8767 3.3 22 3.90 43 21
  22.0    8.0   22.0  -6.45  -8.19  -7.11   2.13   0.02   0.52 3.3 -84.8980 35.8767 3.3 22 3.93 43 22
  23.0    8.0   23.0  -0.69  -0.88  -0.77   0.22  -0.00   0.05 3.3 -84.8980 35.8767 3.3 22 3.95 43 23
  24.0    8.0   24.0  -0.73  -0.94  -0.82   0.23  -0.01   0.06 3.3 -84.8980 35.8767 3.3 22 3.96 43 24
  25.0    8.0   25.0  -0.75  -0.98  -0.86   0.24  -0.01   0.06 3.3 -84.8980 35.8767 3.3 22 3.97 43 25
   1.0    7.0    1.0   0.96   0.42   0.37  -0.01   0.27  -0.03 15.0 -84.8980 35.8767 15.0 15 3.95 42 1
   2.0    7.0    2.0   1.31   0.45   0.39  -0.02   0.17  -0.03 15.7 -84.8980 35.8767 15.7 7 4.02 42 2
   3.0    7.0    3.0   9.68   3.28   2.79  -0.26   1.21  -0.34 15.8 -84.8980 35.8767 15.8 9 3.93 42 3
   4.0    7.0    4.0   8.11   2.53   2.14  -0.24   0.96  -0.33 15.8 -84.8980 35.8767 15.8 9 3.88 42 4
   5.0    7.0    5.0   7.13   1.87   1.61  -0.22   0.84  -0.30 15.8 -84.8980 35.8767 15.8 9 3.84 42 5
   6.0    7.0    6.0   6.39   1.17   1.07  -0.22   0.76  -0.26 15.9 -84.8980 35.8767 15.9 8 3.81 42 6
   7.0    7.0    7.0   5.73   0.43   0.46  -0.21   0.70  -0.21 16.0 -84.8980 35.8767 16.0 6 3.78 42 7
   8.0    7.0    8.0   5.11  -0.32  -0.18  -0.21   0.66  -0.17 16.0 -84.8980 35.8767 16.0 6 3.75 42 8
   9.0    7.0    9.0   4.53  -1.15  -0.94  -0.21   0.63  -0.13 16.1 -84.8980 35.8767 16.1 6 3.71 42 9
  10.0    7.0   10.0   3.98  -2.06  -1.79  -0.21   0.60  -0.10 16.2 -84.8980 35.8767 16.2 7 3.68 42 10
  11.0    7.0   11.0   3.58  -3.08  -2.73  -0.25   0.67  -0.06 16.5 -84.8980 35.8767 16.5 6 3.74 42 11
  12.0    7.0   12.0   2.61  -4.29  -3.88  -0.26   0.66  -0.03 16.7 -84.8980 35.8767 16.7 6 3.81 42 12
  13.0    7.0   13.0   1.64  -5.50  -5.04  -0.28   0.65  -0.00 17.0 -84.8980 35.8767 17.0 5 3.86 42 13
  14.0    7.0   14.0   0.73  -6.66  -6.17  -0.30   0.65   0.03 17.3 -84.8980 35.8767 17.3 5 3.90 42 14
  15.0    7.0   15.0  -0.01  -0.78  -0.73  -0.03   0.07   0.00 17.6 -84.8980 35.8767 17.6 5 3.94 42 15
  16.0    7.0   16.0  -0.08  -0.88  -0.83  -0.04   0.07   0.01 17.8 -84.8980 35.8767 17.8 5 3.97 42 16
  17.0    7.0   17.0  -0.14  -0.98  -0.92  -0.04   0.07   0.01 18.0 -84.8980 35.8767 18.0 5 4.00 42 17
  18.0    7.0   18.0  -0.19  -1.06  -1.01  -0.05   0.07   0.01 18.1 -84.8980 35.8767 18.1 5 4.02 42 18
  19.0    7.0   19.0  -0.21  -1.14  -1.09  -0.05   0.07   0.01 18.2 -84.8980 35.8767 18.2 4 4.04 42 19
  20.0    7.0   20.0  -0.22  -1.22  -1.16  -0.06   0.07   0.01 18.2 -84.8980 35.8767 18.2 4 4.06 42 20
  21.0    7.0   21.0  -0.29  -1.31  -1.25  -0.07   0.08   0.01 18.6 -84.8980 35.8767 18.6 4 4.08 42 21
  22.0    7.0   22.0  -0.32  -1.37  -1.32  -0.08   0.08   0.01 18.8 -84.8980 35.8767 18.8 4 4.09 42 22
  23.0    7.0   23.0  -0.32  -1.42  -1.36  -0.09   0.08   0.01 19.0 -84.8980 35.8767 19.0 4 4.10 42 23
  24.0    7.0   24.0  -0.30  -1.44  -1.38  -0.11   0.09   0.01 19.1 -84.8980 35.8767 19.1 4 4.11 42 24
  25.0    7.0   25.0  -0.26  -1.44  -1.38  -0.12   0.09   0.01 19.0 -84.8980 35.8767 19.0 4 4.11 42 25
   1.0    6.0    1.0   2.91   0.89   0.94  -0.68   0.44   0.00 55.1 -84.8980 35.8767 55.1 10 4.27 41 1
   2.0    6.0    2.0   2.81   0.76   0.82  -0.46   0.26  -0.00 58.4 -84.8980 35.8767 58.4 6 4.25 41 2
   3.0    6.0    3.0   1.97   0.48   0.54  -0.32   0.18  -0.01 58.7 -84.8980 35.8767 58.7 6 4.15 41 3
   4.0    6.0    4.0   1.58   0.33   0.38  -0.26   0.14  -0.01 58.9 -84.8980 35.8767 58.9 6 4.08 41 4
   5.0    6.0    5.0   1.33   0.23   0.27  -0.23   0.12  -0.01 59.0 -84.8980 35.8767 59.0 5 4.03 41 5
   6.0    6.0    6.0   1.17   0.14   0.17  -0.21   0.11  -0.02 59.1 -84.8980 35.8767 59.1 5 3.99 41 6
   7.0    6.0    7.0   1.04   0.05   0.07  -0.20   0.10  -0.02 59.2 -84.8980 35.8767 59.2 5 3.96 41 7
   8.0    6.0    8.0   9.33  -0.35  -0.15  -1.90   0.97  -0.21 59.2 -84.8980 35.8767 59.2 5 3.93 41 8
   9.0    6.0    9.0   8.47  -1.23  -1.08  -1.85   0.93  -0.21 59.1 -84.8980 35.8767 59.1 5 3.90 41 9
  10.0    6.0   10.0   7.78  -2.15  -2.02  -1.82   0.90  -0.20 58.9 -84.8980 35.8767 58.9 5 3.88 41 10
  11.0    6.0   11.0   7.68  -3.06  -2.97  -2.09   1.01  -0.20 59.0 -84.8980 35.8767 59.0 5 3.88 41 11
  12.0    6.0   12.0   6.55  -4.31  -4.27  -2.12   1.00  -0.20 59.0 -84.8980 35.8767 59.0 4 3.89 41 12
  13.0    6.0   13.0   5.47  -5.58  -5.57  -2.17   1.01  -0.20 59.0 -84.8980 35.8767 59.0 3 3.93 41 13
  14.0    6.0   14.0   0.45  -0.68  -0.68  -0.22   0.10  -0.02 58.9 -84.8980 35.8767 58.9 3 3.97 41 14
  15.0    6.0   15.0   0.36  -0.80  -0.81  -0.23   0.10  -0.02 58.8 -84.8980 35.8767 58.8 2 4.00 41 15
  16.0    6.0   16.0   0.29  -0.91  -0.92  -0.24   0.11  -0.02 58.7 -84.8980 35.8767 58.7 2 4.03 41 16
  17.0    6.0   17.0   0.23  -1.02  -1.03  -0.25   0.11  -0.02 58.5 -84.8980 35.8767 58.5 2 4.05 41 17
  18.0    6.0   18.0   0.19  -1.11  -1.13  -0.27   0.11  -0.02 58.2 -84.8980 35.8767 58.2 2 4.08 41 18
  19.0    6.0   19.0   0.18  -1.20  -1.22  -0.28   0.11  -0.02 57.8 -84.8980 35.8767 57.8 2 4.10 41 19
  20.0    6.0   20.0   0.19  -1.28  -1.30  -0.29   0.12  -0.02 57.2 -84.8980 35.8767 57.2 1 4.11 41 20
  21.0    6.0   21.0   0.20  -1.33  -1.35  -0.35   0.14  -0.03 56.8 -84.8980 35.8767 56.8 2 4.13 41 21
  22.0    6.0   22.0   0.22  -1.36  -1.39  -0.38   0.15  -0.03 56.3 -84.8980 35.8767 56.3 2 4.14 41 22
  23.0    6.0   23.0   0.26  -1.37  -1.41  -0.41   0.15  -0.03 55.5 -84.8980 35.8767 55.5 2 4.14 41 23
  24.0    6.0   24.0   0.33  -1.35  -1.39  -0.44   0.16  -0.04 54.4 -84.8980 35.8767 54.4 3 4.15 41 24
  25.0    6.0   25.0   0.43  -1.31  -1.35  -0.47   0.17  -0.04 53.1 -84.8980 35.8767 53.1 3 4.15 41 25
   1.0    5.0    1.0   3.28   0.94   1.08  -1.11   0.41   0.03 74.3 -84.8980 35.8767 74.3 17 4.32 40 1
   2.0    5.0    2.0   2.94   0.77   0.92  -0.75   0.24   0.03 78.4 -84.8980 35.8767 78.4 13 4.27 40 2
   3.0    5.0    3.0   2.07   0.49   0.62  -0.51   0.16   0.03 78.0 -84.8980 35.8767 78.0 14 4.17 40 3
   4.0    5.0    4.0   1.66   0.34   0.46  -0.41   0.13   0.02 77.8 -84.8980 35.8767 77.8 14 4.11 40 4
   5.0    5.0    5.0   1.41   0.26   0.35  -0.36   0.11   0.01 77.5 -84.8980 35.8767 77.5 13 4.06 40 5
   6.0    5.0    6.0   1.25   0.19   0.25  -0.33   0.10  -0.00 77.3 -84.8980 35.8767 77.3 11 4.02 40 6
   7.0    5.0    7.0   1.13   0.13   0.17  -0.31   0.09  -0.01 77.0 -84.8980 35.8767 77.0 10 3.99 40 7
   8.0    5.0    8.0   1.03   0.08   0.09  -0.30   0.09  -0.02 76.7 -84.8980 35.8767 76.7 8 3.97 40 8
   9.0    5.0    9.0   0.96   0.02   0.02  -0.29   0.08  -0.02 76.3 -84.8980 35.8767 76.3 7 3.95 40 9
  10.0    5.0   10.0   9.12  -0.40  -0.46  -2.82   0.81  -0.25 75.9 -84.8980 35.8767 75.9 6 3.94 40 10
  11.0    5.0   11.0   0.95  -0.08  -0.10  -0.32   0.09  -0.03 75.6 -84.8980 35.8767 75.6 6 3.95 40 11
  12.0    5.0   12.0   8.76  -1.63  -1.95  -3.27   0.91  -0.32 75.2 -84.8980 35.8767 75.2 6 3.93 40 12
  13.0    5.0   13.0   8.02  -2.49  -2.91  -3.34   0.92  -0.35 74.8 -84.8980 35.8767 74.8 6 3.91 40 13
  14.0    5.0   14.0   7.35  -3.36  -3.87  -3.44   0.94  -0.38 74.3 -84.8980 35.8767 74.3 6 3.89 40 14
  15.0    5.0   15.0   6.76  -4.22  -4.80  -3.55   0.96  -0.41 73.8 -84.8980 35.8767 73.8 5 3.92 40 15
  16.0    5.0   16.0   0.63  -0.51  -0.57  -0.37   0.10  -0.04 73.3 -84.8980 35.8767 73.3 4 3.95 40 16
  17.0    5.0   17.0   0.59  -0.59  -0.66  -0.38   0.10  -0.05 72.7 -84.8980 35.8767 72.7 4 3.98 40 17
  18.0    5.0   18.0   0.57  -0.66  -0.74  -0.40   0.10  -0.05 72.0 -84.8980 35.8767 72.0 4 4.00 40 18
  19.0    5.0   19.0   0.58  -0.73  -0.81  -0.41   0.11  -0.05 71.3 -84.8980 35.8767 71.3 4 4.02 40 19
  20.0    5.0   20.0   0.60  -0.79  -0.88  -0.43   0.11  -0.06 70.4 -84.8980 35.8767 70.4 4 4.04 40 20
  21.0    5.0   21.0   0.70  -0.79  -0.88  -0.51   0.13  -0.06 69.4 -84.8980 35.8767 69.4 4 4.06 40 21
  22.0    5.0   22.0   0.75  -0.79  -0.89  -0.55   0.14  -0.07 68.2 -84.8980 35.8767 68.2 5 4.06 40 22
  23.0    5.0   23.0   0.82  -0.77  -0.88  -0.58   0.15  -0.07 66.8 -84.8980 35.8767 66.8 5 4.07 40 23
  24.0    5.0   24.0   0.92  -0.72  -0.84  -0.62   0.17  -0.08 65.2 -84.8980 35.8767 65.2 5 4.07 40 24
  25.0    5.0   25.0   1.04  -0.66  -0.78  -0.66   0.18  -0.09 63.2 -84.8980 35.8767 63.2 6 4.06 40 25
   1.0    4.0    1.0   1.95   0.55   0.72  -1.10   0.21   0.05 43.3 -84.8980 35.8767 43.3 32 4.21 39 1
   2.0    4.0    2.0   1.67   0.45   0.63  -0.74   0.12   0.05 45.6 -84.8980 35.8767 45.6 27 4.14 39 2
   3.0    4.0    3.0   1.23   0.31   0.48  -0.50   0.08   0.05 44.7 -84.8980 35.8767 44.7 28 4.04 39 3
   4.0    4.0    4.0   1.02   0.25   0.39  -0.40   0.06   0.04 44.2 -84.8980 35.8767 44.2 28 3.99 39 4
   5.0    4.0    5.0   0.90   0.23   0.34  -0.35   0.05   0.02 43.7 -84.8980 35.8767 43.7 25 3.95 39 5
   6.0    4.0    6.0   8.24   2.24   2.92  -3.16   0.45   0.11 43.2 -84.8980 35.8767 43.2 22 3.93 39 6
   7.0    4.0    7.0   7.74   2.23   2.58  -2.98   0.42   0.00 42.9 -84.8980 35.8767 42.9 18 3.91 39 7
   8.0    4.0    8.0   7.41   2.19   2.28  -2.86   0.40  -0.08 42.7 -84.8980 35.8767 42.7 15 3.90 39 8
   9.0    4.0    9.0   7.20   2.16   2.05  -2.79   0.39  -0.15 42.4 -84.8980 35.8767 42.4 13 3.89 39 9
  10.0    4.0   10.0   7.09   2.12   1.89  -2.74   0.38  -0.20 42.2 -84.8980 35.8767 42.2 11 3.88 39 10
  11.0    4.0   11.0   7.96   2.39   1.96  -3.13   0.44  -0.26 41.9 -84.8980 35.8767 41.9 10 3.92 39 11
  12.0    4.0   12.0   7.86   2.30   1.71  -3.17   0.44  -0.32 41.7 -84.8980 35.8767 41.7 9 3.92 39 12
  13.0    4.0   13.0   7.77   2.15   1.44  -3.23   0.45  -0.36 41.4 -84.8980 35.8767 41.4 8 3.92 39 13
  14.0    4.0   14.0   7.69   1.95   1.13  -3.32   0.46  -0.41 41.0 -84.8980 35.8767 41.0 8 3.91 39 14
  15.0    4.0   15.0   7.62   1.71   0.79  -3.42   0.48  -0.45 40.7 -84.8980 35.8767 40.7 8 3.91 39 15
  16.0    4.0   16.0   7.57   1.43   0.43  -3.53   0.50  -0.49 40.3 -84.8980 35.8767 40.3 8 3.91 39 16
  17.0    4.0   17.0   7.55   1.14   0.07  -3.65   0.52  -0.54 39.9 -84.8980 35.8767 39.9 8 3.91 39 17
  18.0    4.0   18.0   7.59   0.83  -0.30  -3.78   0.54  -0.58 39.5 -84.8980 35.8767 39.5 9 3.92 39 18
  19.0    4.0   19.0   7.70   0.54  -0.66  -3.92   0.57  -0.63 39.0 -84.8980 35.8767 39.0 9 3.92 39 19
  20.0    4.0   20.0   7.93   0.25  -0.99  -4.05   0.59  -0.67 38.5 -84.8980 35.8767 38.5 9 3.93 39 20
  21.0    4.0   21.0   0.94   0.07  -0.06  -0.48   0.07  -0.07 37.9 -84.8980 35.8767 37.9 9 3.98 39 21
  22.0    4.0   22.0   1.00   0.10  -0.04  -0.51   0.08  -0.08 37.2 -84.8980 35.8767 37.2 9 4.00 39 22
  23.0    4.0   23.0   1.07   0.14  -0.02  -0.54   0.09  -0.09 36.3 -84.8980 35.8767 36.3 9 4.02 39 23
  24.0    4.0   24.0   1.16   0.18   0.03  -0.58   0.10  -0.09 35.4 -84.8980 35.8767 35.4 9 4.04 39 24
  25.0    4.0   25.0   1.25   0.24   0.08  -0.61   0.11  -0.10 34.3 -84.8980 35.8767 34.3 9 4.06 39 25
   1.0    3.0    1.0  -4.02  -1.18   0.18  -6.20  -0.99   0.48 7.1 -84.8980 35.8767 7.1 45 3.91 38 1
   2.0    3.0    2.0  -3.84  -0.73   0.67  -4.19  -0.68   0.50 7.7 -84.8980 35.8767 7.7 32 3.82 38 2
   3.0    3.0    3.0  -1.81   0.04   1.37  -2.76  -0.49   0.50 7.0 -84.8980 35.8767 7.0 40 3.66 38 3
   4.0    3.0    4.0  -0.75   0.61   1.73  -2.21  -0.40   0.43 6.6 -84.8980 35.8767 6.6 37 3.63 38 4
   5.0    3.0    5.0  -0.07   1.17   1.98  -1.93  -0.36   0.33 6.3 -84.8980 35.8767 6.3 32 3.63 38 5
   6.0    3.0    6.0   0.46   1.75   2.24  -1.76  -0.32   0.22 6.1 -84.8980 35.8767 6.1 28 3.65 38 6
   7.0    3.0    7.0   0.93   2.34   2.53  -1.66  -0.29   0.11 6.0 -84.8980 35.8767 6.0 25 3.67 38 7
   8.0    3.0    8.0   1.36   2.86   2.82  -1.59  -0.28   0.03 6.0 -84.8980 35.8767 6.0 25 3.70 38 8
   9.0    3.0    9.0   1.75   3.37   3.17  -1.55  -0.26  -0.04 6.0 -84.8980 35.8767 6.0 24 3.72 38 9
  10.0    3.0   10.0   2.10   3.87   3.55  -1.53  -0.25  -0.09 6.0 -84.8980 35.8767 6.0 23 3.74 38 10
  11.0    3.0   11.0   3.07   4.70   4.21  -1.75  -0.28  -0.16 6.0 -84.8980 35.8767 6.0 26 3.79 38 11
  12.0    3.0   12.0   3.72   5.39   4.77  -1.78  -0.27  -0.22 6.1 -84.8980 35.8767 6.1 25 3.82 38 12
  13.0    3.0   13.0   4.32   6.02   5.29  -1.81  -0.26  -0.26 6.2 -84.8980 35.8767 6.2 25 3.85 38 13
  14.0    3.0   14.0   4.87   6.57   5.75  -1.86  -0.26  -0.31 6.2 -84.8980 35.8767 6.2 25 3.87 38 14
  15.0    3.0   15.0   5.35   7.04   6.16  -1.91  -0.26  -0.35 6.2 -84.8980 35.8767 6.2 25 3.88 38 15
  16.0    3.0   16.0   5.76   7.43   6.48  -1.97  -0.26  -0.39 6.2 -84.8980 35.8767 6.2 25 3.90 38 16
  17.0    3.0   17.0   6.08   7.75   6.74  -2.02  -0.26  -0.44 6.1 -84.8980 35.8767 6.1 24 3.91 38 17
  18.0    3.0   18.0   6.31   7.99   6.93  -2.08  -0.26  -0.48 6.0 -84.8980 35.8767 6.0 24 3.92 38 18
  19.0    3.0   19.0   6.46   8.16   7.06  -2.14  -0.27  -0.52 5.8 -84.8980 35.8767 5.8 24 3.93 38 19
  20.0    3.0   20.0   6.51   8.24   7.11  -2.20  -0.27  -0.56 5.7 -84.8980 35.8767 5.7 24 3.93 38 20
  21.0    3.0   21.0   0.78   0.89   0.77  -0.26  -0.03  -0.06 5.6 -84.8980 35.8767 5.6 21 3.97 38 21
  22.0    3.0   22.0   0.83   0.94   0.81  -0.27  -0.03  -0.06 5.6 -84.8980 35.8767 5.6 20 3.98 38 22
  23.0    3.0   23.0   0.88   0.97   0.84  -0.29  -0.03  -0.07 5.6 -84.8980 35.8767 5.6 20 3.99 38 23
  24.0    3.0   24.0   0.92   1.01   0.87  -0.30  -0.03  -0.07 5.5 -84.8980 35.8767 5.5 20 4.01 38 24
  25.0    3.0   25.0   0.95   1.03   0.89  -0.32  -0.02  -0.07 5.4 -84.8980 35.8767 5.4 19 4.02 38 25
   1.0    2.0    1.0  -2.52  -0.73  -0.69   0.15  -0.37   0.02 23.3 -84.8980 35.8767 23.3 4 4.21 37 1
   2.0    2.0    2.0  -2.20  -0.57  -0.53   0.09  -0.23   0.03 24.0 -84.8980 35.8767 24.0 3 4.17 37 2
   3.0    2.0    3.0  -1.49  -0.33  -0.28   0.07  -0.16   0.03 24.0 -84.8980 35.8767 24.0 5 4.06 37 3
   4.0    2.0    4.0  -1.14  -0.19  -0.15   0.06  -0.13   0.03 23.8 -84.8980 35.8767 23.8 6 3.98 37 4
   5.0    2.0    5.0  -9.23  -0.83  -0.58   0.49  -1.09   0.28 23.7 -84.8980 35.8767 23.7 6 3.92 37 5
   6.0    2.0    6.0  -7.72   0.12   0.23   0.44  -0.98   0.24 23.6 -84.8980 35.8767 23.6 5 3.87 37 6
   7.0    2.0    7.0  -6.55   1.03   1.02   0.41  -0.91   0.19 23.5 -84.8980 35.8767 23.5 4 3.82 37 7
   8.0    2.0    8.0  -5.58   1.87   1.75   0.39  -0.87   0.15 23.4 -84.8980 35.8767 23.4 4 3.77 37 8
   9.0    2.0    9.0  -4.78   2.70   2.51   0.38  -0.83   0.11 23.2 -84.8980 35.8767 23.2 3 3.75 37 9
  10.0    2.0   10.0  -4.15   3.51   3.25   0.37  -0.81   0.08 23.0 -84.8980 35.8767 23.0 3 3.79 37 10
  11.0    2.0   11.0  -3.57   4.53   4.21   0.41  -0.91   0.04 23.0 -84.8980 35.8767 23.0 3 3.84 37 11
  12.0    2.0   12.0  -2.48   5.72   5.34   0.41  -0.90   0.01 23.0 -84.8980 35.8767 23.0 4 3.88 37 12
  13.0    2.0   13.0  -1.44   6.88   6.45   0.42  -0.91  -0.02 22.9 -84.8980 35.8767 22.9 4 3.92 37 13
  14.0    2.0   14.0  -0.05   0.80   0.75   0.04  -0.09  -0.00 22.9 -84.8980 35.8767 22.9 4 3.95 37 14
  15.0    2.0   15.0   0.03   0.90   0.85   0.04  -0.09  -0.01 22.8 -84.8980 35.8767 22.8 4 3.98 37 15
  16.0    2.0   16.0   0.10   0.99   0.94   0.05  -0.10  -0.01 22.6 -84.8980 35.8767 22.6 4 4.00 37 16
  17.0    2.0   17.0   0.16   1.07   1.02   0.05  -0.10  -0.01 22.4 -84.8980 35.8767 22.4 4 4.02 37 17
  18.0    2.0   18.0   0.19   1.14   1.09   0.05  -0.10  -0.01 22.1 -84.8980 35.8767 22.1 4 4.04 37 18
  19.0    2.0   19.0   0.20   1.19   1.14   0.06  -0.11  -0.01 21.6 -84.8980 35.8767 21.6 4 4.06 37 19
  20.0    2.0   20.0   0.18   1.24   1.18   0.06  -0.11  -0.01 21.0 -84.8980 35.8767 21.0 4 4.07 37 20
  21.0    2.0   21.0   0.24   1.30   1.25   0.08  -0.13  -0.02 20.9 -84.8980 35.8767 20.9 4 4.08 37 21
  22.0    2.0   22.0   0.26   1.34   1.29   0.09  -0.14  -0.02 20.6 -84.8980 35.8767 20.6 4 4.09 37 22
  23.0    2.0   23.0   0.25   1.37   1.31   0.09  -0.14  -0.01 20.3 -84.8980 35.8767 20.3 4 4.10 37 23
  24.0    2.0   24.0   0.23   1.37   1.31   0.10  -0.15  -0.01 19.8 -84.8980 35.8767 19.8 4 4.10 37 24
  25.0    2.0   25.0   0.19   1.35   1.30   0.11  -0.16  -0.01 19.2 -84.8980 35.8767 19.2 4 4.10 37 25
   1.0    1.0    1.0  -3.27  -1.00  -1.07   0.89  -0.50  -0.01 73.7 -84.8980 35.8767 73.7 12 4.31 36 1
   2.0    1.0    2.0  -2.89  -0.84  -0.91   0.58  -0.30  -0.01 75.7 -84.8980 35.8767 75.7 8 4.26 36 2
   3.0    1.0    3.0  -2.09  -0.57  -0.63   0.40  -0.21   0.00 75.9 -84.8980 35.8767 75.9 8 4.17 36 3
   4.0    1.0    4.0  -1.70  -0.42  -0.47   0.32  -0.16   0.01 75.7 -84.8980 35.8767 75.7 7 4.11 36 4
   5.0    1.0    5.0  -1.46  -0.32  -0.36   0.28  -0.14   0.01 75.5 -84.8980 35.8767 75.5 6 4.06 36 5
   6.0    1.0    6.0  -1.30  -0.24  -0.27   0.25  -0.13   0.02 75.3 -84.8980 35.8767 75.3 6 4.03 36 6
   7.0    1.0    7.0  -1.18  -0.16  -0.18   0.24  -0.12   0.02 75.0 -84.8980 35.8767 75.0 5 4.00 36 7
   8.0    1.0    8.0  -1.08  -0.08  -0.09   0.23  -0.11   0.02 74.6 -84.8980 35.8767 74.6 5 3.97 36 8
   9.0    1.0    9.0  -1.00  -0.00  -0.01   0.22  -0.11   0.02 74.2 -84.8980 35.8767 74.2 4 3.95 36 9
  10.0    1.0   10.0  -9.34   0.78   0.70   2.18  -1.07   0.22 73.7 -84.8980 35.8767 73.7 4 3.93 36 10
  11.0    1.0   11.0  -0.95   0.16   0.15   0.25  -0.12   0.02 73.3 -84.8980 35.8767 73.3 4 3.94 36 11
  12.0    1.0   12.0  -8.48   2.81   2.81   2.51  -1.21   0.22 72.9 -84.8980 35.8767 72.9 5 3.91 36 12
  13.0    1.0   13.0  -7.45   4.08   4.11   2.56  -1.22   0.23 72.5 -84.8980 35.8767 72.5 5 3.89 36 13
  14.0    1.0   14.0  -6.48   5.32   5.39   2.62  -1.24   0.23 72.0 -84.8980 35.8767 72.0 4 3.94 36 14
  15.0    1.0   15.0  -0.56   0.65   0.66   0.27  -0.13   0.02 71.6 -84.8980 35.8767 71.6 3 3.97 36 15
  16.0    1.0   16.0  -0.49   0.77   0.78   0.28  -0.13   0.02 71.1 -84.8980 35.8767 71.1 3 4.00 36 16
  17.0    1.0   17.0  -0.44   0.87   0.89   0.29  -0.14   0.03 70.5 -84.8980 35.8767 70.5 2 4.03 36 17
  18.0    1.0   18.0  -0.40   0.96   0.98   0.30  -0.14   0.03 69.9 -84.8980 35.8767 69.9 2 4.06 36 18
  19.0    1.0   19.0  -0.40   1.04   1.07   0.32  -0.15   0.03 69.0 -84.8980 35.8767 69.0 2 4.08 36 19
  20.0    1.0   20.0  -0.42   1.11   1.13   0.33  -0.15   0.03 68.0 -84.8980 35.8767 68.0 2 4.09 36 20
  21.0    1.0   21.0  -0.47   1.15   1.18   0.40  -0.18   0.04 67.2 -84.8980 35.8767 67.2 2 4.11 36 21
  22.0    1.0   22.0  -0.49   1.18   1.22   0.42  -0.19   0.04 66.3 -84.8980 35.8767 66.3 2 4.12 36 22
  23.0    1.0   23.0  -0.54   1.19   1.23   0.45  -0.21   0.05 65.1 -84.8980 35.8767 65.1 2 4.13 36 23
  24.0    1.0   24.0  -0.62   1.17   1.22   0.48  -0.22   0.05 63.6 -84.8980 35.8767 63.6 2 4.13 36 24
  25.0    1.0   25.0  -0.73   1.12   1.17   0.52  -0.24   0.06 61.8 -84.8980 35.8767 61.8 3 4.13 36 25
   1.0   -0.0    1.0  -2.23  -0.79  -0.95   1.28  -0.43  -0.04 87.7 -84.8980 35.8767 87.7 32 4.26 35 1
   2.0   -0.0    2.0  -2.13  -0.75  -0.91   0.84  -0.27  -0.03 90.5 -84.8980 35.8767 90.5 24 4.21 35 2
   3.0   -0.0    3.0  -1.72  -0.61  -0.76   0.58  -0.18  -0.03 90.3 -84.8980 35.8767 90.3 21 4.13 35 3
   4.0   -0.0    4.0  -1.52  -0.55  -0.67   0.46  -0.14  -0.02 90.0 -84.8980 35.8767 90.0 19 4.09 35 4
   5.0   -0.0    5.0  -1.40  -0.51  -0.60   0.40  -0.12  -0.01 89.7 -84.8980 35.8767 89.7 16 4.07 35 5
   6.0   -0.0    6.0  -1.31  -0.48  -0.54   0.37  -0.11   0.01 89.4 -84.8980 35.8767 89.4 14 4.05 35 6
   7.0   -0.0    7.0  -1.25  -0.45  -0.48   0.35  -0.10   0.01 89.2 -84.8980 35.8767 89.2 11 4.03 35 7
   8.0   -0.0    8.0  -1.21  -0.41  -0.42   0.33  -0.10   0.02 88.9 -84.8980 35.8767 88.9 9 4.02 35 8
   9.0   -0.0    9.0  -1.17  -0.37  -0.37   0.32  -0.10   0.03 88.6 -84.8980 35.8767 88.6 8 4.01 35 9
  10.0   -0.0   10.0  -1.14  -0.32  -0.31   0.32  -0.09   0.03 88.3 -84.8980 35.8767 88.3 7 4.00 35 10
  11.0   -0.0   11.0  -1.24  -0.30  -0.27   0.36  -0.11   0.03 87.9 -84.8980 35.8767 87.9 6 4.03 35 11
  12.0   -0.0   12.0  -1.18  -0.22  -0.17   0.37  -0.11   0.04 87.5 -84.8980 35.8767 87.5 5 4.02 35 12
  13.0   -0.0   13.0  -1.12  -0.12  -0.07   0.37  -0.11   0.04 87.2 -84.8980 35.8767 87.2 5 4.00 35 13
  14.0   -0.0   14.0  -1.06  -0.03   0.03   0.38  -0.11   0.04 86.8 -84.8980 35.8767 86.8 5 3.99 35 14
  15.0   -0.0   15.0  -1.01   0.07   0.14   0.40  -0.12   0.05 86.4 -84.8980 35.8767 86.4 5 3.98 35 15
  16.0   -0.0   16.0  -0.96   0.17   0.24   0.41  -0.12   0.05 85.9 -84.8980 35.8767 85.9 5 3.97 35 16
  17.0   -0.0   17.0  -0.92   0.26   0.35   0.42  -0.12   0.05 85.5 -84.8980 35.8767 85.5 5 3.96 35 17
  18.0   -0.0   18.0  -0.90   0.35   0.44   0.44  -0.13   0.06 85.0 -84.8980 35.8767 85.0 5 3.95 35 18
  19.0   -0.0   19.0  -0.90   0.43   0.53   0.46  -0.14   0.06 84.4 -84.8980 35.8767 84.4 5 3.96 35 19
  20.0   -0.0   20.0  -0.92   0.51   0.61   0.48  -0.14   0.07 83.8 -84.8980 35.8767 83.8 5 3.99 35 20
  21.0   -0.0   21.0  -1.05   0.52   0.63   0.57  -0.17   0.07 83.1 -84.8980 35.8767 83.1 5 4.02 35 21
  22.0   -0.0   22.0  -1.10   0.54   0.66   0.60  -0.18   0.08 82.2 -84.8980 35.8767 82.2 5 4.03 35 22
  23.0   -0.0   23.0  -1.17   0.54   0.67   0.64  -0.20   0.09 81.0 -84.8980 35.8767 81.0 5 4.04 35 23
  24.0   -0.0   24.0  -1.28   0.50   0.64   0.69  -0.21   0.10 79.6 -84.8980 35.8767 79.6 5 4.06 35 24
  25.0   -0.0   25.0  -1.41   0.44   0.59   0.73  -0.23   0.11 77.7 -84.8980 35.8767 77.7 5 4.09 35 25
   1.0   -1.0    1.0   0.14  -0.20  -0.38   1.18  -0.19  -0.05 46.8 -84.8980 35.8767 46.8 57 4.05 34 1
   2.0   -1.0    2.0  -0.29  -0.36  -0.55   0.78  -0.12  -0.05 49.1 -84.8980 35.8767 49.1 44 4.01 34 2
   3.0   -1.0    3.0  -0.54  -0.45  -0.63   0.53  -0.08  -0.05 48.5 -84.8980 35.8767 48.5 35 3.97 34 3
   4.0   -1.0    4.0  -0.68  -0.51  -0.66   0.43  -0.06  -0.04 48.2 -84.8980 35.8767 48.2 34 3.96 34 4
   5.0   -1.0    5.0  -0.76  -0.57  -0.67   0.37  -0.06  -0.02 48.0 -84.8980 35.8767 48.0 35 3.95 34 5
   6.0   -1.0    6.0  -0.82  -0.61  -0.68   0.34  -0.05  -0.01 47.9 -84.8980 35.8767 47.9 30 3.96 34 6
   7.0   -1.0    7.0  -0.87  -0.65  -0.68   0.32  -0.05   0.00 47.9 -84.8980 35.8767 47.9 24 3.96 34 7
   8.0   -1.0    8.0  -0.90  -0.67  -0.67   0.31  -0.05   0.01 47.9 -84.8980 35.8767 47.9 19 3.97 34 8
   9.0   -1.0    9.0  -0.92  -0.68  -0.66   0.30  -0.05   0.02 48.0 -84.8980 35.8767 48.0 16 3.97 34 9
  10.0   -1.0   10.0  -0.94  -0.67  -0.65   0.30  -0.04   0.02 48.0 -84.8980 35.8767 48.0 14 3.97 34 10
  11.0   -1.0   11.0  -1.10  -0.72  -0.67   0.34  -0.05   0.03 48.0 -84.8980 35.8767 48.0 11 4.01 34 11
  12.0   -1.0   12.0  -1.12  -0.70  -0.64   0.34  -0.05   0.04 48.1 -84.8980 35.8767 48.1 10 4.02 34 12
  13.0   -1.0   13.0  -1.13  -0.67  -0.60   0.35  -0.05   0.04 48.1 -84.8980 35.8767 48.1 8 4.02 34 13
  14.0   -1.0   14.0  -1.12  -0.63  -0.55   0.36  -0.06   0.05 48.1 -84.8980 35.8767 48.1 8 4.02 34 14
  15.0   -1.0   15.0  -1.12  -0.59  -0.49   0.37  -0.06   0.05 48.1 -84.8980 35.8767 48.1 7 4.02 34 15
  16.0   -1.0   16.0  -1.11  -0.54  -0.43   0.39  -0.06   0.05 48.0 -84.8980 35.8767 48.0 7 4.01 34 16
  17.0   -1.0   17.0  -1.10  -0.48  -0.37   0.40  -0.06   0.06 48.0 -84.8980 35.8767 48.0 7 4.01 34 17
  18.0   -1.0   18.0  -1.09  -0.42  -0.30   0.42  -0.07   0.06 48.0 -84.8980 35.8767 48.0 7 4.01 34 18
  19.0   -1.0   19.0  -1.09  -0.36  -0.24   0.43  -0.07   0.07 48.0 -84.8980 35.8767 48.0 7 4.01 34 19
  20.0   -1.0   20.0  -1.09  -0.30  -0.16   0.45  -0.07   0.08 47.9 -84.8980 35.8767 47.9 8 4.01 34 20
  21.0   -1.0   21.0  -1.26  -0.31  -0.17   0.53  -0.09   0.08 47.9 -84.8980 35.8767 47.9 8 4.06 34 21
  22.0   -1.0   22.0  -1.31  -0.30  -0.14   0.56  -0.10   0.09 47.8 -84.8980 35.8767 47.8 8 4.07 34 22
  23.0   -1.0   23.0  -1.38  -0.30  -0.14   0.60  -0.10   0.10 47.5 -84.8980 35.8767 47.5 8 4.08 34 23
  24.0   -1.0   24.0  -1.47  -0.33  -0.15   0.64  -0.12   0.11 47.1 -84.8980 35.8767 47.1 8 4.10 34 24
  25.0   -1.0   25.0  -1.57  -0.37  -0.18   0.68  -0.13   0.12 46.5 -84.8980 35.8767 46.5 8 4.12 34 25
   1.0   -2.0    1.0   2.65   0.51   0.37   0.59   0.14  -0.04 8.8 -84.8980 35.8767 8.8 5 4.24 33 1
   2.0   -2.0    2.0   1.74   0.17   0.04   0.41   0.08  -0.04 9.5 -84.8980 35.8767 9.5 6 4.11 33 2
   3.0   -2.0    3.0   8.74  -1.23  -2.54   2.71   0.53  -0.41 9.1 -84.8980 35.8767 9.1 13 3.92 33 3
   4.0   -2.0    4.0   4.39  -2.95  -4.06   2.20   0.41  -0.36 8.8 -84.8980 35.8767 8.8 16 3.82 33 4
   5.0   -2.0    5.0   1.70  -4.18  -5.01   1.94   0.36  -0.29 8.6 -84.8980 35.8767 8.6 11 3.84 33 5
   6.0   -2.0    6.0  -0.14  -5.21  -5.73   1.78   0.32  -0.19 8.5 -84.8980 35.8767 8.5 7 3.87 33 6
   7.0   -2.0    7.0  -1.51  -6.09  -6.33   1.69   0.29  -0.10 8.5 -84.8980 35.8767 8.5 6 3.88 33 7
   8.0   -2.0    8.0  -2.55  -6.77  -6.79   1.64   0.27  -0.03 8.5 -84.8980 35.8767 8.5 7 3.90 33 8
   9.0   -2.0    9.0  -3.33  -7.33  -7.18   1.61   0.26   0.03 8.4 -84.8980 35.8767 8.4 8 3.91 33 9
  10.0   -2.0   10.0  -3.88  -7.74  -7.47   1.59   0.25   0.08 8.3 -84.8980 35.8767 8.3 9 3.92 33 10
  11.0   -2.0   11.0  -0.55  -0.86  -0.82   0.18   0.03   0.01 8.4 -84.8980 35.8767 8.4 12 3.94 33 11
  12.0   -2.0   12.0  -0.63  -0.92  -0.86   0.19   0.03   0.02 8.5 -84.8980 35.8767 8.5 14 3.96 33 12
  13.0   -2.0   13.0  -0.70  -0.96  -0.89   0.19   0.03   0.02 8.6 -84.8980 35.8767 8.6 15 3.97 33 13
  14.0   -2.0   14.0  -0.75  -0.99  -0.91   0.20   0.03   0.03 8.6 -84.8980 35.8767 8.6 16 3.97 33 14
  15.0   -2.0   15.0  -0.79  -1.01  -0.93   0.20   0.03   0.03 8.6 -84.8980 35.8767 8.6 17 3.98 33 15
  16.0   -2.0   16.0  -0.82  -1.01  -0.93   0.21   0.03   0.03 8.5 -84.8980 35.8767 8.5 19 3.98 33 16
  17.0   -2.0   17.0  -0.84  -1.01  -0.92   0.22   0.03   0.04 8.4 -84.8980 35.8767 8.4 20 3.98 33 17
  18.0   -2.0   18.0  -0.85  -1.00  -0.90   0.23   0.03   0.04 8.3 -84.8980 35.8767 8.3 20 3.98 33 18
  19.0   -2.0   19.0  -0.84  -0.98  -0.87   0.24   0.03   0.04 8.1 -84.8980 35.8767 8.1 20 3.98 33 19
  20.0   -2.0   20.0  -0.82  -0.94  -0.83   0.24   0.03   0.05 7.9 -84.8980 35.8767 7.9 20 3.97 33 20
  21.0   -2.0   21.0  -0.96  -0.96  -0.85   0.29   0.04   0.05 8.0 -84.8980 35.8767 8.0 17 4.00 33 21
  22.0   -2.0   22.0  -0.99  -0.96  -0.84   0.31   0.04   0.06 8.1 -84.8980 35.8767 8.1 17 4.01 33 22
  23.0   -2.0   23.0  -1.02  -0.96  -0.83   0.33   0.04   0.06 8.1 -84.8980 35.8767 8.1 17 4.02 33 23
  24.0   -2.0   24.0  -1.06  -0.96  -0.82   0.35   0.04   0.07 8.2 -84.8980 35.8767 8.2 16 4.03 33 24
  25.0   -2.0   25.0  -1.10  -0.97  -0.82   0.37   0.03   0.07 8.2 -84.8980 35.8767 8.2 16 4.04 33 25
   1.0   -3.0    1.0   3.99   0.98   0.95  -0.22   0.40  -0.01 27.0 -84.8980 35.8767 27.0 2 4.34 32 1
   2.0   -3.0    2.0   2.95   0.62   0.58  -0.12   0.24  -0.01 26.6 -84.8980 35.8767 26.6 2 4.25 32 2
   3.0   -3.0    3.0   1.87   0.25   0.22  -0.09   0.16  -0.02 26.4 -84.8980 35.8767 26.4 3 4.12 32 3
   4.0   -3.0    4.0   1.34   0.05   0.02  -0.07   0.13  -0.02 26.0 -84.8980 35.8767 26.0 4 4.02 32 4
   5.0   -3.0    5.0   1.01  -0.09  -0.11  -0.06   0.11  -0.02 25.6 -84.8980 35.8767 25.6 5 3.94 32 5
   6.0   -3.0    6.0   7.81  -2.01  -2.19  -0.52   1.01  -0.22 25.3 -84.8980 35.8767 25.3 5 3.87 32 6
   7.0   -3.0    7.0   6.14  -3.04  -3.12  -0.47   0.94  -0.20 25.0 -84.8980 35.8767 25.0 5 3.80 32 7
   8.0   -3.0    8.0   4.85  -3.90  -3.89  -0.43   0.89  -0.17 24.5 -84.8980 35.8767 24.5 4 3.83 32 8
   9.0   -3.0    9.0   3.87  -4.68  -4.59  -0.41   0.86  -0.14 24.0 -84.8980 35.8767 24.0 3 3.86 32 9
  10.0   -3.0   10.0   3.18  -5.31  -5.16  -0.39   0.84  -0.12 23.3 -84.8980 35.8767 23.3 2 3.88 32 10
  11.0   -3.0   11.0   2.33  -6.27  -6.04  -0.42   0.95  -0.09 22.9 -84.8980 35.8767 22.9 2 3.91 32 11
  12.0   -3.0   12.0   0.12  -0.73  -0.70  -0.04   0.10  -0.01 22.5 -84.8980 35.8767 22.5 2 3.94 32 12
  13.0   -3.0   13.0   0.02  -0.82  -0.79  -0.04   0.10  -0.01 22.1 -84.8980 35.8767 22.1 2 3.96 32 13
  14.0   -3.0   14.0  -0.07  -0.91  -0.87  -0.04   0.10  -0.00 21.7 -84.8980 35.8767 21.7 2 3.98 32 14
  15.0   -3.0   15.0  -0.14  -0.98  -0.95  -0.04   0.10  -0.00 21.2 -84.8980 35.8767 21.2 2 4.00 32 15
  16.0   -3.0   16.0  -0.20  -1.05  -1.01  -0.04   0.10  -0.00 20.6 -84.8980 35.8767 20.6 2 4.02 32 16
  17.0   -3.0   17.0  -0.23  -1.10  -1.06  -0.04   0.11  -0.00 20.0 -84.8980 35.8767 20.0 2 4.03 32 17
  18.0   -3.0   18.0  -0.25  -1.14  -1.10  -0.04   0.11   0.00 19.2 -84.8980 35.8767 19.2 2 4.04 32 18
  19.0   -3.0   19.0  -0.25  -1.16  -1.12  -0.04   0.12   0.00 18.3 -84.8980 35.8767 18.3 2 4.04 32 19
  20.0   -3.0   20.0  -0.21  -1.16  -1.11  -0.05   0.12   0.00 17.2 -84.8980 35.8767 17.2 2 4.05 32 20
  21.0   -3.0   21.0  -0.26  -1.19  -1.14  -0.06   0.15   0.00 16.6 -84.8980 35.8767 16.6 2 4.05 32 21
  22.0   -3.0   22.0  -0.26  -1.20  -1.15  -0.06   0.16   0.00 15.9 -84.8980 35.8767 15.9 2 4.06 32 22
  23.0   -3.0   23.0  -0.25  -1.19  -1.14  -0.06   0.17   0.00 15.1 -84.8980 35.8767 15.1 2 4.06 32 23
  24.0   -3.0   24.0  -0.22  -1.17  -1.12  -0.07   0.18   0.00 14.2 -84.8980 35.8767 14.2 2 4.05 32 24
  25.0   -3.0   25.0  -0.18  -1.14  -1.09  -0.07   0.19  -0.00 13.3 -84.8980 35.8767 13.3 2 4.05 32 25
   1.0   -4.0    1.0   3.39   1.00   1.08  -0.94   0.51   0.02 72.1 -84.8980 35.8767 72.1 13 4.32 31 1
   2.0   -4.0    2.0   2.73   0.79   0.88  -0.60   0.32   0.01 72.2 -84.8980 35.8767 72.2 10 4.25 31 2
   3.0   -4.0    3.0   1.99   0.54   0.61  -0.41   0.22   0.01 72.2 -84.8980 35.8767 72.2 9 4.16 31 3
   4.0   -4.0    4.0   1.62   0.41   0.47  -0.33   0.17  -0.00 71.7 -84.8980 35.8767 71.7 8 4.09 31 4
   5.0   -4.0    5.0   1.40   0.32   0.36  -0.28   0.15  -0.01 71.2 -84.8980 35.8767 71.2 7 4.05 31 5
   6.0   -4.0    6.0   1.24   0.25   0.27  -0.26   0.13  -0.02 70.7 -84.8980 35.8767 70.7 6 4.02 31 6
   7.0   -4.0    7.0   1.13   0.18   0.19  -0.24   0.13  -0.02 70.2 -84.8980 35.8767 70.2 4 3.99 31 7
   8.0   -4.0    8.0   1.04   0.11   0.12  -0.23   0.12  -0.02 69.6 -84.8980 35.8767 69.6 4 3.97 31 8
   9.0   -4.0    9.0   0.97   0.05   0.05  -0.22   0.12  -0.03 68.9 -84.8980 35.8767 68.9 3 3.95 31 9
  10.0   -4.0   10.0   9.13  -0.10  -0.17  -2.17   1.15  -0.26 68.1 -84.8980 35.8767 68.1 3 3.93 31 10
  11.0   -4.0   11.0   0.95  -0.07  -0.09  -0.25   0.13  -0.03 67.5 -84.8980 35.8767 67.5 3 3.94 31 11
  12.0   -4.0   12.0   8.52  -1.83  -1.99  -2.48   1.31  -0.28 66.8 -84.8980 35.8767 66.8 3 3.91 31 12
  13.0   -4.0   13.0   7.61  -2.94  -3.13  -2.51   1.34  -0.29 66.1 -84.8980 35.8767 66.1 2 3.88 31 13
  14.0   -4.0   14.0   6.77  -4.03  -4.25  -2.56   1.37  -0.31 65.4 -84.8980 35.8767 65.4 2 3.89 31 14
  15.0   -4.0   15.0   6.02  -5.07  -5.33  -2.63   1.41  -0.32 64.7 -84.8980 35.8767 64.7 2 3.93 31 15
  16.0   -4.0   16.0   0.54  -0.60  -0.63  -0.27   0.15  -0.03 63.9 -84.8980 35.8767 63.9 1 3.96 31 16
  17.0   -4.0   17.0   0.50  -0.69  -0.72  -0.28   0.15  -0.04 63.1 -84.8980 35.8767 63.1 1 3.99 31 17
  18.0   -4.0   18.0   0.47  -0.77  -0.80  -0.29   0.16  -0.04 62.1 -84.8980 35.8767 62.1 1 4.01 31 18
  19.0   -4.0   19.0   0.48  -0.83  -0.87  -0.30   0.17  -0.04 61.0 -84.8980 35.8767 61.0 1 4.03 31 19
  20.0   -4.0   20.0   0.51  -0.87  -0.91  -0.31   0.17  -0.04 59.7 -84.8980 35.8767 59.7 1 4.04 31 20
  21.0   -4.0   21.0   0.57  -0.89  -0.94  -0.37   0.21  -0.05 58.7 -84.8980 35.8767 58.7 1 4.06 31 21
  22.0   -4.0   22.0   0.60  -0.92  -0.97  -0.40   0.22  -0.05 57.5 -84.8980 35.8767 57.5 1 4.07 31 22
  23.0   -4.0   23.0   0.65  -0.91  -0.97  -0.42   0.24  -0.06 56.1 -84.8980 35.8767 56.1 1 4.08 31 23
  24.0   -4.0   24.0   0.72  -0.88  -0.95  -0.45   0.26  -0.07 54.4 -84.8980 35.8767 54.4 1 4.08 31 24
  25.0   -4.0   25.0   0.82  -0.83  -0.90  -0.48   0.28  -0.07 52.4 -84.8980 35.8767 52.4 1 4.07 31 25
   1.0   -5.0    1.0   1.03   0.55   0.71  -1.25   0.40   0.04 78.5 -84.8980 35.8767 78.5 60 4.15 30 1
   2.0   -5.0    2.0   1.17   0.64   0.79  -0.82   0.26   0.04 80.0 -84.8980 35.8767 80.0 44 4.11 30 2
   3.0   -5.0    3.0   1.19   0.64   0.78  -0.56   0.18   0.03 79.9 -84.8980 35.8767 79.9 34 4.06 30 3
   4.0   -5.0    4.0   1.19   0.65   0.77  -0.45   0.14   0.02 79.6 -84.8980 35.8767 79.6 27 4.05 30 4
   5.0   -5.0    5.0   1.20   0.66   0.75  -0.39   0.12   0.01 79.3 -84.8980 35.8767 79.3 21 4.04 30 5
   6.0   -5.0    6.0   1.20   0.67   0.72  -0.35   0.11  -0.01 79.1 -84.8980 35.8767 79.1 16 4.03 30 6
   7.0   -5.0    7.0   1.20   0.66   0.68  -0.33   0.11  -0.02 78.8 -84.8980 35.8767 78.8 13 4.03 30 7
   8.0   -5.0    8.0   1.20   0.64   0.65  -0.32   0.10  -0.02 78.6 -84.8980 35.8767 78.6 10 4.02 30 8
   9.0   -5.0    9.0   1.19   0.61   0.60  -0.31   0.10  -0.03 78.4 -84.8980 35.8767 78.4 9 4.02 30 9
  10.0   -5.0   10.0   1.17   0.58   0.56  -0.31   0.10  -0.03 78.1 -84.8980 35.8767 78.1 7 4.02 30 10
  11.0   -5.0   11.0   1.32   0.57   0.54  -0.35   0.11  -0.03 77.8 -84.8980 35.8767 77.8 6 4.05 30 11
  12.0   -5.0   12.0   1.28   0.49   0.45  -0.35   0.11  -0.04 77.5 -84.8980 35.8767 77.5 5 4.04 30 12
  13.0   -5.0   13.0   1.24   0.40   0.35  -0.36   0.12  -0.04 77.2 -84.8980 35.8767 77.2 5 4.03 30 13
  14.0   -5.0   14.0   1.19   0.31   0.25  -0.37   0.12  -0.05 76.9 -84.8980 35.8767 76.9 4 4.02 30 14
  15.0   -5.0   15.0   1.14   0.21   0.14  -0.38   0.12  -0.05 76.6 -84.8980 35.8767 76.6 4 4.01 30 15
  16.0   -5.0   16.0   1.10   0.11   0.04  -0.39   0.13  -0.05 76.3 -84.8980 35.8767 76.3 4 4.00 30 16
  17.0   -5.0   17.0   1.06   0.02  -0.06  -0.40   0.13  -0.06 76.1 -84.8980 35.8767 76.1 4 3.99 30 17
  18.0   -5.0   18.0   1.04  -0.07  -0.16  -0.42   0.14  -0.06 75.8 -84.8980 35.8767 75.8 4 3.99 30 18
  19.0   -5.0   19.0   1.03  -0.15  -0.25  -0.44   0.15  -0.07 75.5 -84.8980 35.8767 75.5 4 3.99 30 19
  20.0   -5.0   20.0   1.05  -0.23  -0.33  -0.45   0.15  -0.07 75.1 -84.8980 35.8767 75.1 4 3.99 30 20
  21.0   -5.0   21.0   1.19  -0.25  -0.36  -0.54   0.19  -0.08 74.7 -84.8980 35.8767 74.7 4 4.03 30 21
  22.0   -5.0   22.0   1.23  -0.29  -0.41  -0.57   0.20  -0.09 74.2 -84.8980 35.8767 74.2 4 4.04 30 22
  23.0   -5.0   23.0   1.29  -0.30  -0.43  -0.61   0.22  -0.10 73.5 -84.8980 35.8767 73.5 4 4.06 30 23
  24.0   -5.0   24.0   1.39  -0.28  -0.42  -0.65   0.24  -0.11 72.5 -84.8980 35.8767 72.5 4 4.08 30 24
  25.0   -5.0   25.0   1.51  -0.23  -0.38  -0.69   0.26  -0.12 71.2 -84.8980 35.8767 71.2 4 4.10 30 25
   1.0   -6.0    1.0  -2.05  -0.16   0.01  -1.06   0.15   0.04 40.0 -84.8980 35.8767 40.0 12 4.21 29 1
   2.0   -6.0    2.0  -1.00   0.23   0.39  -0.71   0.11   0.04 41.8 -84.8980 35.8767 41.8 11 4.02 29 2
   3.0   -6.0    3.0  -0.16   0.51   0.67  -0.48   0.08   0.04 41.5 -84.8980 35.8767 41.5 8 3.96 29 3
   4.0   -6.0    4.0   0.27   0.67   0.80  -0.38   0.06   0.03 41.3 -84.8980 35.8767 41.3 8 3.97 29 4
   5.0   -6.0    5.0   0.53   0.79   0.88  -0.34   0.05   0.02 41.3 -84.8980 35.8767 41.3 11 3.98 29 5
   6.0   -6.0    6.0   0.70   0.87   0.93  -0.31   0.05   0.01 41.3 -84.8980 35.8767 41.3 15 3.99 29 6
   7.0   -6.0    7.0   0.83   0.93   0.96  -0.29   0.05  -0.00 41.3 -84.8980 35.8767 41.3 18 4.00 29 7
   8.0   -6.0    8.0   0.91   0.97   0.97  -0.28   0.05  -0.01 41.4 -84.8980 35.8767 41.4 21 4.00 29 8
   9.0   -6.0    9.0   0.97   0.99   0.98  -0.28   0.05  -0.02 41.4 -84.8980 35.8767 41.4 21 4.00 29 9
  10.0   -6.0   10.0   1.01   0.99   0.96  -0.27   0.05  -0.02 41.4 -84.8980 35.8767 41.4 18 4.01 29 10
  11.0   -6.0   11.0   1.22   1.03   0.99  -0.31   0.05  -0.03 41.5 -84.8980 35.8767 41.5 13 4.05 29 11
  12.0   -6.0   12.0   1.25   1.01   0.96  -0.32   0.05  -0.03 41.6 -84.8980 35.8767 41.6 11 4.05 29 12
  13.0   -6.0   13.0   1.27   0.97   0.91  -0.32   0.06  -0.04 41.7 -84.8980 35.8767 41.7 9 4.05 29 13
  14.0   -6.0   14.0   1.27   0.92   0.85  -0.33   0.06  -0.04 41.8 -84.8980 35.8767 41.8 8 4.05 29 14
  15.0   -6.0   15.0   1.26   0.86   0.78  -0.34   0.06  -0.04 42.0 -84.8980 35.8767 42.0 7 4.05 29 15
  16.0   -6.0   16.0   1.25   0.79   0.71  -0.36   0.06  -0.05 42.1 -84.8980 35.8767 42.1 7 4.04 29 16
  17.0   -6.0   17.0   1.23   0.72   0.63  -0.37   0.07  -0.05 42.4 -84.8980 35.8767 42.4 7 4.04 29 17
  18.0   -6.0   18.0   1.22   0.65   0.54  -0.38   0.07  -0.06 42.6 -84.8980 35.8767 42.6 6 4.04 29 18
  19.0   -6.0   19.0   1.20   0.56   0.46  -0.40   0.07  -0.06 42.9 -84.8980 35.8767 42.9 6 4.03 29 19
  20.0   -6.0   20.0   1.19   0.47   0.36  -0.41   0.08  -0.07 43.3 -84.8980 35.8767 43.3 6 4.03 29 20
  21.0   -6.0   21.0   1.35   0.46   0.33  -0.49   0.09  -0.08 43.8 -84.8980 35.8767 43.8 7 4.07 29 21
  22.0   -6.0   22.0   1.38   0.41   0.27  -0.52   0.10  -0.08 44.2 -84.8980 35.8767 44.2 7 4.08 29 22
  23.0   -6.0   23.0   1.44   0.39   0.24  -0.56   0.11  -0.09 44.6 -84.8980 35.8767 44.6 7 4.09 29 23
  24.0   -6.0   24.0   1.51   0.38   0.22  -0.60   0.12  -0.10 44.9 -84.8980 35.8767 44.9 7 4.10 29 24
  25.0   -6.0   25.0   1.61   0.40   0.23  -0.64   0.14  -0.11 45.0 -84.8980 35.8767 45.0 7 4.12 29 25
   1.0   -7.0    1.0  -4.41  -0.81  -0.70  -0.46  -0.16   0.03 11.7 -84.8980 35.8767 11.7 3 4.37 28 1
   2.0   -7.0    2.0  -2.77  -0.25  -0.14  -0.33  -0.08   0.03 11.6 -84.8980 35.8767 11.6 4 4.24 28 2
   3.0   -7.0    3.0  -1.42   0.20   0.31  -0.22  -0.05   0.03 11.2 -84.8980 35.8767 11.2 8 4.04 28 3
   4.0   -7.0    4.0  -7.34   4.58   5.53  -1.80  -0.40   0.30 10.9 -84.8980 35.8767 10.9 11 3.92 28 4
   5.0   -7.0    5.0  -0.32   0.63   0.70  -0.16  -0.03   0.02 10.6 -84.8980 35.8767 10.6 7 3.94 28 5
   6.0   -7.0    6.0  -0.04   0.76   0.81  -0.15  -0.03   0.02 10.5 -84.8980 35.8767 10.5 5 3.96 28 6
   7.0   -7.0    7.0   0.16   0.86   0.89  -0.14  -0.03   0.01 10.3 -84.8980 35.8767 10.3 3 3.98 28 7
   8.0   -7.0    8.0   0.31   0.94   0.95  -0.14  -0.02   0.00 10.0 -84.8980 35.8767 10.0 2 3.99 28 8
   9.0   -7.0    9.0   0.42   0.99   0.99  -0.14  -0.02  -0.00 9.6 -84.8980 35.8767 9.6 3 3.99 28 9
  10.0   -7.0   10.0   0.48   1.02   1.01  -0.14  -0.02  -0.01 9.1 -84.8980 35.8767 9.1 4 4.00 28 10
  11.0   -7.0   11.0   0.68   1.10   1.07  -0.16  -0.02  -0.01 9.0 -84.8980 35.8767 9.0 6 4.01 28 11
  12.0   -7.0   12.0   0.77   1.14   1.10  -0.16  -0.02  -0.01 8.9 -84.8980 35.8767 8.9 8 4.01 28 12
  13.0   -7.0   13.0   0.84   1.16   1.12  -0.17  -0.02  -0.02 8.8 -84.8980 35.8767 8.8 9 4.02 28 13
  14.0   -7.0   14.0   0.89   1.17   1.12  -0.18  -0.02  -0.02 8.7 -84.8980 35.8767 8.7 10 4.02 28 14
  15.0   -7.0   15.0   0.92   1.16   1.11  -0.18  -0.02  -0.02 8.6 -84.8980 35.8767 8.6 12 4.01 28 15
  16.0   -7.0   16.0   0.94   1.15   1.08  -0.19  -0.02  -0.03 8.4 -84.8980 35.8767 8.4 14 4.01 28 16
  17.0   -7.0   17.0   0.94   1.12   1.05  -0.20  -0.03  -0.03 8.3 -84.8980 35.8767 8.3 15 4.01 28 17
  18.0   -7.0   18.0   0.94   1.08   1.01  -0.21  -0.03  -0.03 8.2 -84.8980 35.8767 8.2 18 4.00 28 18
  19.0   -7.0   19.0   0.92   1.03   0.95  -0.22  -0.03  -0.04 8.0 -84.8980 35.8767 8.0 18 3.99 28 19
  20.0   -7.0   20.0   0.88   0.95   0.86  -0.23  -0.03  -0.04 7.9 -84.8980 35.8767 7.9 18 3.97 28 20
  21.0   -7.0   21.0   1.00   0.93   0.84  -0.27  -0.03  -0.04 8.0 -84.8980 35.8767 8.0 15 4.00 28 21
  22.0   -7.0   22.0   1.01   0.90   0.80  -0.29  -0.03  -0.05 8.2 -84.8980 35.8767 8.2 15 4.00 28 22
  23.0   -7.0   23.0   1.03   0.86   0.75  -0.31  -0.04  -0.05 8.5 -84.8980 35.8767 8.5 14 4.01 28 23
  24.0   -7.0   24.0   1.06   0.84   0.72  -0.33  -0.04  -0.06 8.8 -84.8980 35.8767 8.8 14 4.01 28 24
  25.0   -7.0   25.0   1.10   0.82   0.69  -0.36  -0.04  -0.07 9.1 -84.8980 35.8767 9.1 14 4.02 28 25
   1.0   -8.0    1.0  -4.88  -1.10  -1.08   0.28  -0.38   0.01 26.4 -84.8980 35.8767 26.4 1 4.40 27 1
   2.0   -8.0    2.0  -3.29  -0.59  -0.58   0.15  -0.22   0.01 24.5 -84.8980 35.8767 24.5 1 4.28 27 2
   3.0   -8.0    3.0  -2.01  -0.16  -0.14   0.11  -0.15   0.01 24.2 -84.8980 35.8767 24.2 1 4.14 27 3
   4.0   -8.0    4.0  -1.36   0.08   0.10   0.08  -0.12   0.02 23.5 -84.8980 35.8767 23.5 3 4.03 27 4
   5.0   -8.0    5.0  -9.67   2.32   2.56   0.67  -1.01   0.19 22.9 -84.8980 35.8767 22.9 4 3.93 27 5
   6.0   -8.0    6.0  -7.01   3.54   3.75   0.59  -0.92   0.20 22.4 -84.8980 35.8767 22.4 5 3.85 27 6
   7.0   -8.0    7.0  -5.07   4.57   4.72   0.52  -0.86   0.19 21.8 -84.8980 35.8767 21.8 4 3.87 27 7
   8.0   -8.0    8.0  -3.63   5.38   5.48   0.47  -0.82   0.18 21.1 -84.8980 35.8767 21.1 4 3.89 27 8
   9.0   -8.0    9.0  -2.58   6.02   6.07   0.44  -0.79   0.16 20.2 -84.8980 35.8767 20.2 3 3.91 27 9
  10.0   -8.0   10.0  -1.89   6.46   6.45   0.41  -0.77   0.14 19.2 -84.8980 35.8767 19.2 2 3.92 27 10
  11.0   -8.0   11.0  -0.09   0.73   0.72   0.04  -0.09   0.01 18.6 -84.8980 35.8767 18.6 2 3.94 27 11
  12.0   -8.0   12.0   0.02   0.81   0.80   0.04  -0.09   0.01 18.0 -84.8980 35.8767 18.0 1 3.96 27 12
  13.0   -8.0   13.0   0.11   0.87   0.86   0.04  -0.09   0.01 17.4 -84.8980 35.8767 17.4 1 3.97 27 13
  14.0   -8.0   14.0   0.18   0.93   0.92   0.04  -0.09   0.01 16.7 -84.8980 35.8767 16.7 1 3.99 27 14
  15.0   -8.0   15.0   0.24   0.98   0.96   0.04  -0.09   0.01 16.0 -84.8980 35.8767 16.0 1 4.00 27 15
  16.0   -8.0   16.0   0.28   1.01   1.00   0.04  -0.10   0.01 15.2 -84.8980 35.8767 15.2 1 4.00 27 16
  17.0   -8.0   17.0   0.30   1.04   1.02   0.03  -0.10   0.01 14.4 -84.8980 35.8767 14.4 1 4.01 27 17
  18.0   -8.0   18.0   0.31   1.04   1.02   0.03  -0.11   0.01 13.4 -84.8980 35.8767 13.4 1 4.01 27 18
  19.0   -8.0   19.0   0.29   1.03   1.01   0.03  -0.11   0.01 12.4 -84.8980 35.8767 12.4 1 4.01 27 19
  20.0   -8.0   20.0   0.24   0.99   0.97   0.03  -0.12   0.01 11.2 -84.8980 35.8767 11.2 1 4.00 27 20
  21.0   -8.0   21.0   0.27   0.99   0.96   0.04  -0.14   0.01 10.4 -84.8980 35.8767 10.4 0 4.00 27 21
  22.0   -8.0   22.0   0.26   0.97   0.94   0.04  -0.15   0.01 9.6 -84.8980 35.8767 9.6 0 3.99 27 22
  23.0   -8.0   23.0   0.25   0.94   0.91   0.04  -0.16   0.01 8.8 -84.8980 35.8767 8.8 1 3.99 27 23
  24.0   -8.0   24.0   0.22   0.90   0.87   0.04  -0.18   0.01 7.9 -84.8980 35.8767 7.9 1 3.98 27 24
  25.0   -8.0   25.0   0.20   0.86   0.83   0.03  -0.19   0.01 7.1 -84.8980 35.8767 7.1 2 3.97 27 25
   1.0   -0.0    1.0  -2.23  -0.79  -0.95   1.28  -0.43  -0.04 87.7 -84.8980 35.8767 87.7 32 4.26 35 1
   2.0   -0.0    2.0  -2.13  -0.75  -0.91   0.84  -0.27  -0.03 90.5 -84.8980 35.8767 90.5 24 4.21 35 2
   3.0   -0.0    3.0  -1.72  -0.61  -0.76   0.58  -0.18  -0.03 90.3 -84.8980 35.8767 90.3 21 4.13 35 3
   4.0   -0.0    4.0  -1.52  -0.55  -0.67   0.46  -0.14  -0.02 90.0 -84.8980 35.8767 90.0 19 4.09 35 4
   5.0   -0.0    5.0  -1.40  -0.51  -0.60   0.40  -0.12  -0.01 89.7 -84.8980 35.8767 89.7 16 4.07 35 5
   6.0   -0.0    6.0  -1.31  -0.48  -0.54   0.37  -0.11   0.01 89.4 -84.8980 35.8767 89.4 14 4.05 35 6
   7.0   -0.0    7.0  -1.25  -0.45  -0.48   0.35  -0.10   0.01 89.2 -84.8980 35.8767 89.2 11 4.03 35 7
   8.0   -0.0    8.0  -1.21  -0.41  -0.42   0.33  -0.10   0.02 88.9 -84.8980 35.8767 88.9 9 4.02 35 8
   9.0   -0.0    9.0  -1.17  -0.37  -0.37   0.32  -0.10   0.03 88.6 -84.8980 35.8767 88.6 8 4.01 35 9
  10.0   -0.0   10.0  -1.14  -0.32  -0.31   0.32  -0.09   0.03 88.3 -84.8980 35.8767 88.3 7 4.00 35 10
  11.0   -0.0   11.0  -1.24  -0.30  -0.27   0.36  -0.11   0.03 87.9 -84.8980 35.8767 87.9 6 4.03 35 11
  12.0   -0.0   12.0  -1.18  -0.22  -0.17   0.37  -0.11   0.04 87.5 -84.8980 35.8767 87.5 5 4.02 35 12
  13.0   -0.0   13.0  -1.12  -0.12  -0.07   0.37  -0.11   0.04 87.2 -84.8980 35.8767 87.2 5 4.00 35 13
  14.0   -0.0   14.0  -1.06  -0.03   0.03   0.38  -0.11   0.04 86.8 -84.8980 35.8767 86.8 5 3.99 35 14
  15.0   -0.0   15.0  -1.01   0.07   0.14   0.40  -0.12   0.05 86.4 -84.8980 35.8767 86.4 5 3.98 35 15
  16.0   -0.0   16.0  -0.96   0.17   0.24   0.41  -0.12   0.05 85.9 -84.8980 35.8767 85.9 5 3.97 35 16
  17.0   -0.0   17.0  -0.92   0.26   0.35   0.42  -0.12   0.05 85.5 -84.8980 35.8767 85.5 5 3.96 35 17
  18.0   -0.0   18.0  -0.90   0.35   0.44   0.44  -0.13   0.06 85.0 -84.8980 35.8767 85.0 5 3.95 35 18
  19.0   -0.0   19.0  -0.90   0.43   0.53   0.46  -0.14   0.06 84.4 -84.8980 35.8767 84.4 5 3.96 35 19
  20.0   -0.0   20.0  -0.92   0.51   0.61   0.48  -0.14   0.07 83.8 -84.8980 35.8767 83.8 5 3.99 35 20
  21.0   -0.0   21.0  -1.05   0.52   0.63   0.57  -0.17   0.07 83.1 -84.8980 35.8767 83.1 5 4.02 35 21
  22.0   -0.0   22.0  -1.10   0.54   0.66   0.60  -0.18   0.08 82.2 -84.8980 35.8767 82.2 5 4.03 35 22
  23.0   -0.0   23.0  -1.17   0.54   0.67   0.64  -0.20   0.09 81.0 -84.8980 35.8767 81.0 5 4.04 35 23
  24.0   -0.0   24.0  -1.28   0.50   0.64   0.69  -0.21   0.10 79.6 -84.8980 35.8767 79.6 5 4.06 35 24
  25.0   -0.0   25.0  -1.41   0.44   0.59   0.73  -0.23   0.11 77.7 -84.8980 35.8767 77.7 5 4.09 35 25
